198
120 116 40
116 115 26
115 114 25
114 121 40
121 103 177
103 102 26
102 101 56
101 92 25
92 100 36
100 93 25
93 94 25
94 80 57
80 95 57
95 89 36
89 88 26
88 81 35
81 74 36
74 61 50
61 52 26
52 45 36
45 35 57
35 36 25
36 44 57
44 53 25
53 60 26
60 65 25
65 73 25
73 82 26
82 87 25
87 96 37
96 97 26
97 83 92
83 86 25
86 98 26
98 99 76
99 85 36
85 84 35
84 70 36
70 68 25
68 57 25
57 56 26
56 12 206
12 11 25
11 10 25
10 9 26
9 8 25
8 7 51
7 5 397
5 6 76
6 1 51
1 198 1138
198 2 1177
2 3 76
3 4 51
4 15 586
15 16 26
16 17 152
17 18 51
18 19 76
19 21 127
21 23 57
23 20 35
20 24 50
24 25 36
25 26 26
26 27 50
27 29 36
29 28 35
28 22 80
22 13 154
13 14 36
14 39 129
39 40 102
40 41 127
41 42 25
42 55 36
55 58 26
58 67 25
67 71 25
71 72 25
72 69 22
69 66 23
66 59 25
59 54 26
54 43 25
43 37 72
37 30 35
30 31 26
31 32 51
32 33 25
33 34 80
34 38 57
38 46 26
46 50 36
50 51 51
51 64 51
64 75 57
75 76 25
76 77 26
77 63 25
63 49 51
49 47 35
47 48 35
48 62 37
62 79 80
79 90 25
90 78 36
78 91 25
91 104 92
104 113 36
113 112 25
112 111 26
111 105 26
105 106 25
106 110 37
110 109 25
109 108 25
108 107 37
107 166 148
166 167 127
167 181 1468
181 175 122
175 172 76
172 173 73
173 174 76
174 176 62
176 180 37
180 182 25
182 183 102
183 179 25
179 177 26
177 193 57
193 197 150
197 196 76
196 195 76
195 194 76
194 178 117
178 184 51
184 186 149
186 185 76
185 192 76
192 191 76
191 190 224
190 187 76
187 188 76
188 189 76
189 170 1347
170 171 114
171 165 150
165 164 25
164 163 77
163 162 50
162 150 57
150 136 89
136 143 71
143 149 51
149 144 36
144 145 25
145 148 26
148 151 25
151 161 26
161 160 26
160 152 26
152 147 25
147 159 67
159 158 108
158 157 51
157 156 25
156 155 26
155 154 25
154 153 26
153 138 166
138 137 115
137 141 108
141 146 25
146 142 36
142 140 25
140 139 26
139 133 26
133 134 26
134 135 25
135 132 35
132 131 26
131 130 26
130 129 26
129 128 50
128 127 78
127 126 60
126 169 26
169 125 68
125 124 38
124 168 26
168 123 80
123 119 109
119 118 25
118 117 25
117 122 78
122 120 85

