198
156 155 26
155 154 25
154 153 26
153 138 166
138 122 114
122 119 86
119 118 25
118 117 25
117 116 51
116 115 26
115 120 40
120 121 51
121 114 40
114 102 163
102 101 56
101 92 25
92 100 36
100 93 25
93 94 25
94 95 51
95 89 36
89 88 26
88 96 36
96 97 26
97 87 26
87 82 25
82 81 26
81 73 37
73 65 25
65 69 58
69 59 42
59 54 26
54 43 25
43 42 51
42 41 25
41 55 57
55 58 26
58 67 25
67 66 25
66 72 25
72 71 25
71 83 36
83 86 25
86 98 26
98 99 76
99 85 36
85 84 35
84 70 36
70 68 25
68 57 25
57 56 26
56 40 127
40 12 180
12 11 25
11 10 25
10 9 26
9 8 25
8 7 51
7 4 353
4 5 76
5 6 76
6 1 51
1 198 1138
198 2 1177
2 3 76
3 39 474
39 15 180
15 16 26
16 14 105
14 13 36
13 28 137
28 29 35
29 27 36
27 22 80
22 17 102
17 18 51
18 19 76
19 20 102
20 21 76
21 23 57
23 24 35
24 25 36
25 26 26
26 33 57
33 32 25
32 35 36
35 31 35
31 30 26
30 37 35
37 36 51
36 44 57
44 53 25
53 60 26
60 74 71
74 61 50
61 52 26
52 45 36
45 51 35
51 46 35
46 38 26
38 34 57
34 50 80
50 64 72
64 80 57
80 75 37
75 76 25
76 63 36
63 49 51
49 47 35
47 48 35
48 62 37
62 77 91
77 79 56
79 78 26
78 91 25
91 90 26
90 103 80
103 104 51
104 113 36
113 112 25
112 111 26
111 105 26
105 106 25
106 110 37
110 109 25
109 108 25
108 107 37
107 166 148
166 167 127
167 181 1468
181 182 95
182 180 25
180 175 100
175 172 76
172 173 73
173 174 76
174 176 62
176 183 92
183 179 25
179 177 26
177 178 51
178 193 25
193 194 106
194 197 76
197 196 76
196 195 76
195 185 224
185 192 76
192 191 76
191 186 76
186 184 149
184 187 167
187 190 76
190 189 76
189 188 76
188 170 1369
170 171 114
171 165 150
165 164 25
164 163 77
163 162 50
162 150 57
150 136 89
136 143 71
143 145 56
145 149 56
149 144 36
144 146 51
146 137 119
137 123 114
123 168 80
168 124 26
124 125 38
125 169 68
169 126 26
126 127 60
127 128 78
128 132 56
132 129 26
129 130 26
130 131 26
131 133 25
133 135 51
135 134 25
134 140 26
140 142 25
142 139 36
139 141 25
141 147 51
147 148 26
148 151 25
151 161 26
161 160 26
160 152 26
152 159 51
159 158 108
158 157 51
157 156 25

