198
70 68 25
68 57 25
57 56 26
56 41 35
41 42 25
42 55 36
55 54 25
54 43 25
43 37 72
37 30 35
30 13 144
13 14 36
14 39 129
39 40 102
40 12 180
12 11 25
11 10 25
10 9 26
9 8 25
8 7 51
7 4 353
4 3 51
3 2 76
2 5 51
5 6 76
6 1 51
1 198 1138
198 15 1627
15 16 26
16 17 152
17 18 51
18 19 76
19 20 102
20 23 35
23 24 35
24 25 36
25 26 26
26 27 50
27 21 80
21 22 51
22 28 80
28 29 35
29 31 36
31 32 51
32 33 25
33 34 80
34 38 57
38 46 26
46 50 36
50 51 51
51 45 35
45 35 57
35 36 25
36 44 57
44 53 25
53 60 26
60 65 25
65 73 25
73 82 26
82 81 26
81 74 36
74 61 50
61 52 26
52 64 72
64 80 57
80 75 37
75 76 25
76 77 26
77 63 25
63 49 51
49 47 35
47 48 35
48 62 37
62 79 80
79 78 26
78 91 25
91 90 26
90 102 76
102 103 26
103 104 51
104 113 36
113 112 25
112 111 26
111 105 26
105 106 25
106 110 37
110 109 25
109 108 25
108 107 37
107 166 148
166 167 127
167 181 1468
181 175 122
175 172 76
172 173 73
173 174 76
174 176 62
176 180 37
180 182 25
182 183 102
183 179 25
179 177 26
177 193 57
193 197 150
197 196 76
196 195 76
195 194 76
194 178 117
178 184 51
184 186 149
186 185 76
185 192 76
192 191 76
191 190 224
190 187 76
187 188 76
188 189 76
189 170 1347
170 171 114
171 165 150
165 164 25
164 163 77
163 162 50
162 150 57
150 149 51
149 144 36
144 143 35
143 136 71
136 128 88
128 127 78
127 126 60
126 169 26
169 125 68
125 130 52
130 129 26
129 132 26
132 135 35
135 134 25
134 131 36
131 133 25
133 139 26
139 140 26
140 142 25
142 145 25
145 141 36
141 146 25
146 148 37
148 151 25
151 161 26
161 160 26
160 152 26
152 147 25
147 159 67
159 158 108
158 157 51
157 156 25
156 155 26
155 154 25
154 153 26
153 138 166
138 137 115
137 124 137
124 168 26
168 123 80
123 119 109
119 118 25
118 117 25
117 122 78
122 120 85
120 116 40
116 115 26
115 114 25
114 121 40
121 101 235
101 92 25
92 100 36
100 93 25
93 94 25
94 95 51
95 89 36
89 88 26
88 96 36
96 97 26
97 87 26
87 98 80
98 86 26
86 83 25
83 72 26
72 69 22
69 66 23
66 59 25
59 58 25
58 67 25
67 71 25
71 84 57
84 99 51
99 85 36
85 70 51

