198
177 182 114
182 180 25
180 176 37
176 174 62
174 173 76
173 172 73
172 175 76
175 181 122
181 167 1468
167 166 127
166 107 148
107 108 37
108 109 25
109 110 25
110 106 37
106 105 25
105 111 26
111 112 26
112 113 25
113 104 36
104 91 92
91 90 26
90 79 25
79 78 26
78 62 76
62 48 37
48 47 35
47 49 35
49 63 51
63 77 25
77 76 26
76 75 25
75 80 37
80 64 57
64 51 51
51 50 51
50 46 36
46 38 26
38 34 57
34 33 80
33 32 25
32 27 51
27 26 50
26 25 26
25 24 36
24 20 50
20 23 35
23 21 57
21 19 127
19 18 76
18 17 51
17 22 102
22 28 80
28 29 35
29 31 36
31 30 26
30 37 35
37 36 51
36 35 25
35 45 57
45 52 36
52 61 26
61 74 50
74 73 51
73 65 25
65 60 25
60 53 26
53 44 25
44 43 76
43 54 25
54 55 25
55 42 36
42 41 25
41 13 185
13 14 36
14 16 105
16 15 26
15 39 180
39 4 463
4 3 51
3 2 76
2 198 1177
198 1 1138
1 6 51
6 5 76
5 7 397
7 8 51
8 9 25
9 10 26
10 11 25
11 12 25
12 40 180
40 56 127
56 57 26
57 68 25
68 70 25
70 85 51
85 99 36
99 84 51
84 71 57
71 67 25
67 58 25
58 59 25
59 66 25
66 69 23
69 72 22
72 83 26
83 86 25
86 98 26
98 97 76
97 96 26
96 87 37
87 82 25
82 81 26
81 88 35
88 89 26
89 95 36
95 94 51
94 93 25
93 100 25
100 92 36
92 101 25
101 102 56
102 103 26
103 121 177
121 114 40
114 115 25
115 116 26
116 120 40
120 122 85
122 117 78
117 118 25
118 119 25
119 123 109
123 168 80
168 124 26
124 125 38
125 169 68
169 126 26
126 127 60
127 128 78
128 136 88
136 143 71
143 142 50
142 140 25
140 135 36
135 134 25
134 139 37
139 133 26
133 131 25
131 132 26
132 129 26
129 130 26
130 137 120
137 138 115
138 153 166
153 154 26
154 155 25
155 156 26
156 157 25
157 158 51
158 159 108
159 152 51
152 160 26
160 161 26
161 151 26
151 148 25
148 147 26
147 146 26
146 141 25
141 145 36
145 144 25
144 149 36
149 150 51
150 162 57
162 163 50
163 164 77
164 165 25
165 171 150
171 170 114
170 189 1347
189 188 76
188 187 76
187 190 76
190 191 224
191 192 76
192 185 76
185 186 76
186 194 224
194 195 76
195 196 76
196 197 76
197 193 150
193 178 25
178 184 51
184 183 51
183 179 25
179 177 26

