198
114 121 40
121 120 51
120 122 85
122 118 78
118 119 25
119 117 50
117 116 51
116 123 194
123 168 80
168 124 26
124 125 38
125 130 52
130 131 26
131 137 108
137 138 115
138 153 166
153 154 26
154 155 25
155 156 26
156 157 25
157 158 51
158 159 108
159 147 67
147 152 25
152 160 26
160 161 26
161 151 26
151 148 25
148 145 26
145 146 26
146 141 25
141 139 25
139 133 26
133 132 36
132 129 26
129 128 50
128 126 50
126 169 26
169 127 65
127 136 114
136 135 86
135 134 25
134 140 26
140 142 25
142 144 35
144 143 35
143 149 51
149 150 51
150 162 57
162 163 50
163 164 77
164 165 25
165 171 150
171 170 114
170 189 1347
189 188 76
188 187 76
187 190 76
190 191 224
191 192 76
192 185 76
185 186 76
186 194 224
194 195 76
195 196 76
196 197 76
197 193 150
193 178 25
178 184 51
184 183 51
183 179 25
179 177 26
177 176 76
176 174 62
174 173 76
173 172 73
172 175 76
175 180 100
180 182 25
182 181 95
181 167 1468
167 166 127
166 107 148
107 108 37
108 110 50
110 109 25
109 106 57
106 105 25
105 111 26
111 112 26
112 104 56
104 91 92
91 78 25
78 90 36
90 79 25
79 62 80
62 48 37
48 47 35
47 49 35
49 63 51
63 77 25
77 76 26
76 75 25
75 80 37
80 64 57
64 51 51
51 46 35
46 50 36
50 34 80
34 38 57
38 33 56
33 26 57
26 25 26
25 24 36
24 20 50
20 23 35
23 21 57
21 19 127
19 18 76
18 17 51
17 22 102
22 28 80
28 30 57
30 37 35
37 13 148
13 14 36
14 16 105
16 15 26
15 39 180
39 4 463
4 3 51
3 2 76
2 198 1177
198 1 1138
1 6 51
6 5 76
5 7 397
7 8 51
8 9 25
9 10 26
10 11 25
11 12 25
12 40 180
40 56 127
56 57 26
57 68 25
68 70 25
70 85 51
85 99 36
99 84 51
84 71 57
71 67 25
67 58 25
58 55 26
55 41 57
41 42 25
42 43 51
43 54 25
54 59 26
59 66 25
66 69 23
69 72 22
72 83 26
83 86 25
86 98 26
98 82 92
82 73 26
73 65 25
65 60 25
60 53 26
53 44 25
44 36 57
36 31 25
31 29 36
29 27 36
27 32 51
32 35 36
35 45 57
45 52 36
52 61 26
61 74 50
74 81 36
81 87 36
87 97 26
97 96 26
96 88 36
88 89 26
89 95 36
95 94 51
94 93 25
93 100 25
100 92 36
92 101 25
101 102 56
102 103 26
103 115 162
115 113 104
113 114 101

