198
119 118 25
118 117 25
117 122 78
122 120 85
120 116 40
116 115 26
115 114 25
114 121 40
121 101 235
101 92 25
92 100 36
100 93 25
93 94 25
94 95 51
95 89 36
89 88 26
88 96 36
96 97 26
97 87 26
87 81 36
81 74 36
74 61 50
61 52 26
52 45 36
45 35 57
35 32 36
32 27 51
27 29 36
29 31 36
31 36 25
36 44 57
44 53 25
53 60 26
60 65 25
65 73 25
73 82 26
82 98 92
98 86 26
86 83 25
83 72 26
72 69 22
69 66 23
66 59 25
59 54 26
54 43 25
43 42 51
42 41 25
41 55 57
55 58 26
58 67 25
67 71 25
71 84 57
84 99 51
99 85 36
85 70 51
70 68 25
68 57 25
57 56 26
56 40 127
40 12 180
12 11 25
11 10 25
10 9 26
9 8 25
8 7 51
7 5 397
5 6 76
6 1 51
1 198 1138
198 2 1177
2 3 76
3 4 51
4 39 463
39 15 180
15 16 26
16 14 105
14 13 36
13 37 148
37 30 35
30 28 57
28 22 80
22 17 102
17 18 51
18 19 76
19 21 127
21 23 57
23 20 35
20 24 50
24 25 36
25 26 26
26 33 57
33 38 56
38 34 57
34 50 80
50 46 36
46 51 35
51 64 51
64 80 57
80 75 37
75 76 25
76 77 26
77 63 25
63 49 51
49 47 35
47 48 35
48 62 37
62 79 80
79 78 26
78 91 25
91 90 26
90 102 76
102 103 26
103 104 51
104 113 36
113 112 25
112 111 26
111 105 26
105 106 25
106 110 37
110 109 25
109 108 25
108 107 37
107 166 148
166 167 127
167 181 1468
181 182 95
182 180 25
180 175 100
175 172 76
172 173 73
173 174 76
174 176 62
176 177 76
177 179 26
179 183 25
183 184 51
184 178 51
178 193 25
193 197 150
197 196 76
196 195 76
195 194 76
194 186 224
186 185 76
185 192 76
192 191 76
191 190 224
190 187 76
187 188 76
188 189 76
189 170 1347
170 171 114
171 165 150
165 164 25
164 163 77
163 162 50
162 150 57
150 149 51
149 143 51
143 144 35
144 142 35
142 140 25
140 134 26
134 135 25
135 136 86
136 127 114
127 169 65
169 126 26
126 128 50
128 129 50
129 132 26
132 133 36
133 139 26
139 141 25
141 146 25
146 145 26
145 148 26
148 151 25
151 161 26
161 160 26
160 152 26
152 147 25
147 159 67
159 158 108
158 157 51
157 156 25
156 155 26
155 154 25
154 153 26
153 138 166
138 137 115
137 131 108
131 130 26
130 125 52
125 124 38
124 168 26
168 123 80
123 119 109

