198
16 14 105
14 41 205
41 56 35
56 57 26
57 68 25
68 70 25
70 72 101
72 69 22
69 73 58
73 65 25
65 60 25
60 53 26
53 52 51
52 43 129
43 37 72
37 30 35
30 31 26
31 28 51
28 29 35
29 32 37
32 33 25
33 27 57
27 26 50
26 21 80
21 22 51
22 17 102
17 18 51
18 19 76
19 20 102
20 23 35
23 24 35
24 25 36
25 34 80
34 38 57
38 46 26
46 50 36
50 49 51
49 47 35
47 48 35
48 62 37
62 79 80
79 90 25
90 78 36
78 91 25
91 104 92
104 113 36
113 112 25
112 111 26
111 105 26
105 106 25
106 110 37
110 109 25
109 108 25
108 107 37
107 166 148
166 167 127
167 181 1468
181 175 122
175 172 76
172 173 73
173 174 76
174 176 62
176 180 37
180 182 25
182 183 102
183 179 25
179 177 26
177 193 57
193 197 150
197 196 76
196 195 76
195 194 76
194 178 117
178 184 51
184 186 149
186 185 76
185 192 76
192 191 76
191 190 224
190 187 76
187 188 76
188 189 76
189 170 1347
170 127 114
127 169 65
169 126 26
126 128 50
128 136 88
136 171 114
171 165 150
165 164 25
164 163 77
163 162 50
162 150 57
150 149 51
149 151 56
151 161 26
161 160 26
160 159 44
159 158 108
158 157 51
157 156 25
156 155 26
155 154 25
154 153 26
153 138 166
138 137 115
137 133 102
133 139 26
139 141 25
141 146 25
146 147 26
147 152 25
152 148 36
148 145 26
145 144 25
144 143 35
143 142 50
142 140 25
140 134 26
134 135 25
135 132 35
132 131 26
131 130 26
130 129 26
129 125 52
125 124 38
124 168 26
168 123 80
123 119 109
119 118 25
118 117 25
117 122 78
122 120 85
120 116 40
116 115 26
115 121 54
121 114 40
114 103 148
103 102 26
102 101 56
101 92 25
92 100 36
100 93 25
93 94 25
94 95 51
95 89 36
89 88 26
88 96 36
96 97 26
97 87 26
87 82 25
82 81 26
81 74 36
74 64 57
64 75 57
75 63 57
63 77 25
77 76 26
76 80 57
80 61 107
61 51 57
51 45 35
45 35 57
35 36 25
36 44 57
44 66 107
66 71 35
71 83 36
83 86 25
86 98 26
98 85 104
85 99 36
99 84 51
84 67 72
67 58 25
58 59 25
59 54 26
54 55 25
55 42 36
42 39 219
39 4 463
4 3 51
3 2 76
2 198 1177
198 1 1138
1 6 51
6 5 76
5 7 397
7 8 51
8 9 25
9 10 26
10 11 25
11 12 25
12 40 180
40 13 184
13 15 130
15 16 26

