198
74 88 51
88 80 80
80 64 57
64 51 51
51 46 35
46 50 36
50 38 57
38 25 104
25 24 36
24 23 35
23 20 35
20 19 102
19 18 76
18 17 51
17 21 114
21 22 51
22 13 154
13 14 36
14 16 105
16 15 26
15 198 1627
198 1 1138
1 6 51
6 5 76
5 2 51
2 3 76
3 4 51
4 7 353
7 8 51
8 9 25
9 10 26
10 11 25
11 12 25
12 39 262
39 40 102
40 68 170
68 57 25
57 56 26
56 41 35
41 42 25
42 55 36
55 43 35
43 54 25
54 59 26
59 58 25
58 67 25
67 71 25
71 84 57
84 70 36
70 85 51
85 99 36
99 98 76
98 86 26
86 83 25
83 72 26
72 66 25
66 69 23
69 60 69
60 65 25
65 73 25
73 81 37
81 82 26
82 87 25
87 97 26
97 96 26
96 95 76
95 89 36
89 94 80
94 93 25
93 100 25
100 92 36
92 101 25
101 102 56
102 103 26
103 121 177
121 114 40
114 115 25
115 116 26
116 120 40
120 122 85
122 117 78
117 118 25
118 119 25
119 123 109
123 168 80
168 124 26
124 137 137
137 138 115
138 153 166
153 154 26
154 155 25
155 156 26
156 157 25
157 158 51
158 159 108
159 147 67
147 152 25
152 160 26
160 161 26
161 151 26
151 148 25
148 145 26
145 146 26
146 141 25
141 139 25
139 142 36
142 140 25
140 135 36
135 134 25
134 133 26
133 131 25
131 132 26
132 129 26
129 130 26
130 125 52
125 169 68
169 126 26
126 127 60
127 128 78
128 136 88
136 143 71
143 144 35
144 149 36
149 150 51
150 162 57
162 163 50
163 164 77
164 165 25
165 171 150
171 170 114
170 189 1347
189 188 76
188 187 76
187 190 76
190 191 224
191 192 76
192 185 76
185 186 76
186 184 149
184 178 51
178 194 117
194 195 76
195 196 76
196 197 76
197 193 150
193 177 57
177 179 26
179 183 25
183 182 102
182 180 25
180 176 37
176 174 62
174 173 76
173 172 73
172 175 76
175 181 122
181 167 1468
167 166 127
166 107 148
107 108 37
108 109 25
109 110 25
110 106 37
106 105 25
105 111 26
111 112 26
112 113 25
113 104 36
104 91 92
91 78 25
78 90 36
90 79 25
79 62 80
62 48 37
48 47 35
47 34 72
34 49 80
49 63 51
63 77 25
77 76 26
76 75 25
75 52 127
52 36 80
36 35 25
35 32 36
32 33 25
33 26 57
26 27 50
27 29 36
29 28 35
28 31 51
31 30 26
30 37 35
37 44 57
44 53 25
53 61 57
61 45 57
45 74 104

