198
95 94 51
94 93 25
93 100 25
100 92 36
92 101 25
101 102 56
102 103 26
103 114 148
114 121 40
121 115 54
115 116 26
116 120 40
120 122 85
122 117 78
117 118 25
118 119 25
119 123 109
123 168 80
168 124 26
124 125 38
125 129 52
129 130 26
130 131 26
131 132 26
132 135 35
135 134 25
134 140 26
140 142 25
142 143 50
143 144 35
144 145 25
145 148 26
148 152 36
152 147 25
147 146 26
146 141 25
141 139 25
139 133 26
133 137 102
137 138 115
138 153 166
153 154 26
154 155 25
155 156 26
156 157 25
157 158 51
158 159 108
159 160 44
160 161 26
161 151 26
151 149 56
149 150 51
150 162 57
162 163 50
163 164 77
164 165 25
165 171 150
171 136 114
136 128 88
128 126 50
126 169 26
169 127 65
127 170 114
170 189 1347
189 188 76
188 187 76
187 190 76
190 191 224
191 192 76
192 185 76
185 186 76
186 184 149
184 178 51
178 194 117
194 195 76
195 196 76
196 197 76
197 193 150
193 177 57
177 179 26
179 183 25
183 182 102
182 180 25
180 176 37
176 174 62
174 173 76
173 172 73
172 175 76
175 181 122
181 167 1468
167 166 127
166 107 148
107 108 37
108 109 25
109 110 25
110 106 37
106 105 25
105 111 26
111 112 26
112 113 25
113 104 36
104 91 92
91 78 25
78 90 36
90 79 25
79 62 80
62 48 37
48 47 35
47 34 72
34 24 102
24 25 36
25 26 26
26 27 50
27 33 57
33 32 25
32 35 36
35 36 25
36 30 36
30 31 26
31 29 36
29 28 35
28 22 80
22 21 51
21 23 57
23 20 35
20 19 102
19 18 76
18 17 51
17 16 152
16 15 26
15 39 180
39 4 463
4 3 51
3 2 76
2 198 1177
198 1 1138
1 6 51
6 5 76
5 7 397
7 8 51
8 9 25
9 10 26
10 11 25
11 12 25
12 40 180
40 14 180
14 13 36
13 37 148
37 44 57
44 43 76
43 54 25
54 55 25
55 42 36
42 41 25
41 56 35
56 57 26
57 68 25
68 70 25
70 84 36
84 85 35
85 99 36
99 98 76
98 86 26
86 83 25
83 72 26
72 71 25
71 67 25
67 58 25
58 59 25
59 66 25
66 69 23
69 73 58
73 65 25
65 60 25
60 53 26
53 61 57
61 52 26
52 45 36
45 51 35
51 46 35
46 38 26
38 50 57
50 49 51
49 63 51
63 77 25
77 76 26
76 75 25
75 80 37
80 64 57
64 74 57
74 81 36
81 82 26
82 87 25
87 97 26
97 96 26
96 88 36
88 89 26
89 95 36

