198
43 54 25
54 55 25
55 42 36
42 40 148
40 39 102
39 3 474
3 2 76
2 198 1177
198 1 1138
1 6 51
6 5 76
5 4 76
4 7 353
7 8 51
8 9 25
9 10 26
10 11 25
11 12 25
12 70 210
70 68 25
68 57 25
57 56 26
56 41 35
41 58 72
58 59 25
59 66 25
66 67 25
67 71 25
71 84 57
84 85 35
85 99 36
99 98 76
98 86 26
86 83 25
83 72 26
72 69 22
69 73 58
73 74 51
74 81 36
81 82 26
82 87 25
87 97 26
97 96 26
96 88 36
88 89 26
89 95 36
95 94 51
94 100 35
100 101 26
101 102 56
102 114 163
114 115 25
115 121 54
121 120 51
120 116 40
116 122 99
122 117 78
117 118 25
118 119 25
119 123 109
123 168 80
168 124 26
124 137 137
137 138 115
138 153 166
153 154 26
154 155 25
155 156 26
156 157 25
157 158 51
158 159 108
159 147 67
147 152 25
152 160 26
160 161 26
161 151 26
151 148 25
148 145 26
145 146 26
146 141 25
141 139 25
139 142 36
142 140 25
140 135 36
135 134 25
134 133 26
133 131 25
131 132 26
132 129 26
129 130 26
130 125 52
125 169 68
169 126 26
126 127 60
127 128 78
128 136 88
136 143 71
143 144 35
144 149 36
149 150 51
150 162 57
162 163 50
163 164 77
164 165 25
165 171 150
171 170 114
170 189 1347
189 188 76
188 187 76
187 190 76
190 191 224
191 192 76
192 185 76
185 186 76
186 184 149
184 178 51
178 194 117
194 195 76
195 196 76
196 197 76
197 193 150
193 177 57
177 179 26
179 183 25
183 182 102
182 180 25
180 176 37
176 174 62
174 173 76
173 172 73
172 175 76
175 181 122
181 167 1468
167 166 127
166 107 148
107 108 37
108 109 25
109 110 25
110 106 37
106 105 25
105 111 26
111 112 26
112 113 25
113 104 36
104 103 51
103 90 80
90 91 26
91 78 25
78 79 26
79 92 71
92 93 26
93 80 72
80 75 37
75 76 25
76 77 26
77 63 25
63 62 80
62 48 37
48 47 35
47 49 35
49 50 51
50 64 72
64 61 57
61 65 57
65 60 25
60 53 26
53 44 25
44 52 57
52 45 36
45 51 35
51 46 35
46 38 26
38 34 57
34 33 80
33 32 25
32 27 51
27 22 80
22 21 51
21 26 80
26 25 26
25 24 36
24 23 35
23 20 35
20 19 102
19 18 76
18 17 51
17 16 152
16 15 26
15 14 102
14 13 36
13 28 137
28 29 35
29 35 51
35 36 25
36 31 25
31 30 26
30 37 35
37 43 72

