198
49 77 76
77 63 25
63 92 102
92 90 56
90 79 25
79 78 26
78 91 25
91 104 92
104 113 36
113 112 25
112 111 26
111 105 26
105 106 25
106 110 37
110 109 25
109 108 25
108 107 37
107 166 148
166 167 127
167 181 1468
181 175 122
175 172 76
172 173 73
173 174 76
174 176 62
176 180 37
180 182 25
182 183 102
183 179 25
179 177 26
177 193 57
193 197 150
197 196 76
196 195 76
195 194 76
194 178 117
178 184 51
184 186 149
186 185 76
185 192 76
192 191 76
191 190 224
190 187 76
187 188 76
188 189 76
189 170 1347
170 127 114
127 169 65
169 126 26
126 128 50
128 136 88
136 171 114
171 165 150
165 164 25
164 163 77
163 162 50
162 150 57
150 149 51
149 151 56
151 161 26
161 160 26
160 159 44
159 158 108
158 157 51
157 156 25
156 155 26
155 154 25
154 153 26
153 138 166
138 137 115
137 133 102
133 139 26
139 141 25
141 146 25
146 147 26
147 152 25
152 148 36
148 145 26
145 144 25
144 143 35
143 142 50
142 140 25
140 134 26
134 135 25
135 132 35
132 131 26
131 130 26
130 129 26
129 125 52
125 124 38
124 168 26
168 123 80
123 119 109
119 118 25
118 117 25
117 122 78
122 120 85
120 116 40
116 115 26
115 114 25
114 121 40
121 103 177
103 102 26
102 101 56
101 100 26
100 93 25
93 94 25
94 95 51
95 89 36
89 88 26
88 81 35
81 82 26
82 87 25
87 96 37
96 97 26
97 98 76
98 86 26
86 83 25
83 72 26
72 69 22
69 66 23
66 59 25
59 58 25
58 67 25
67 71 25
71 84 57
84 99 51
99 85 36
85 70 51
70 68 25
68 57 25
57 56 26
56 40 127
40 12 180
12 11 25
11 10 25
10 9 26
9 8 25
8 7 51
7 5 397
5 6 76
6 1 51
1 198 1138
198 2 1177
2 3 76
3 4 51
4 39 463
39 15 180
15 16 26
16 14 105
14 13 36
13 41 185
41 42 25
42 55 36
55 54 25
54 43 25
43 44 76
44 53 25
53 60 26
60 65 25
65 73 25
73 74 51
74 61 50
61 52 26
52 45 36
45 35 57
35 36 25
36 37 51
37 30 35
30 31 26
31 29 36
29 28 35
28 22 80
22 17 102
17 18 51
18 19 76
19 21 127
21 23 57
23 20 35
20 24 50
24 25 36
25 26 26
26 27 50
27 32 51
32 33 25
33 34 80
34 38 57
38 46 26
46 50 36
50 51 51
51 64 51
64 80 57
80 75 37
75 76 25
76 62 114
62 48 37
48 47 35
47 49 35

