198
12 56 206
56 41 35
41 42 25
42 43 51
43 54 25
54 59 26
59 66 25
66 69 23
69 65 58
65 73 25
73 74 51
74 61 50
61 52 26
52 45 36
45 51 35
51 46 35
46 38 26
38 35 80
35 36 25
36 31 25
31 32 51
32 33 25
33 34 80
34 50 80
50 64 72
64 80 57
80 75 37
75 76 25
76 77 26
77 63 25
63 49 51
49 47 35
47 48 35
48 62 37
62 79 80
79 90 25
90 78 36
78 91 25
91 104 92
104 113 36
113 112 25
112 111 26
111 105 26
105 106 25
106 110 37
110 109 25
109 108 25
108 107 37
107 166 148
166 167 127
167 181 1468
181 175 122
175 172 76
172 173 73
173 174 76
174 176 62
176 180 37
180 182 25
182 183 102
183 179 25
179 177 26
177 193 57
193 197 150
197 196 76
196 195 76
195 194 76
194 178 117
178 184 51
184 186 149
186 185 76
185 192 76
192 191 76
191 190 224
190 187 76
187 188 76
188 189 76
189 170 1347
170 171 114
171 165 150
165 164 25
164 163 77
163 162 50
162 150 57
150 149 51
149 143 51
143 144 35
144 151 57
151 148 25
148 145 26
145 142 25
142 140 25
140 139 26
139 141 25
141 146 25
146 147 26
147 152 25
152 161 37
161 160 26
160 159 44
159 158 108
158 157 51
157 156 25
156 155 26
155 154 25
154 153 26
153 138 166
138 137 115
137 133 102
133 131 25
131 130 26
130 129 26
129 132 26
132 134 25
134 135 25
135 136 86
136 128 88
128 127 78
127 126 60
126 169 26
169 125 68
125 124 38
124 168 26
168 123 80
123 119 109
119 118 25
118 117 25
117 122 78
122 116 99
116 120 40
120 121 51
121 114 40
114 115 25
115 103 162
103 102 26
102 101 56
101 92 25
92 100 36
100 93 25
93 94 25
94 95 51
95 89 36
89 88 26
88 96 36
96 97 26
97 87 26
87 82 25
82 81 26
81 55 163
55 57 80
57 68 25
68 70 25
70 84 36
84 85 35
85 99 36
99 98 76
98 86 26
86 83 25
83 72 26
72 71 25
71 67 25
67 58 25
58 60 101
60 53 26
53 44 25
44 37 57
37 30 35
30 28 57
28 29 35
29 27 36
27 21 80
21 26 80
26 25 26
25 24 36
24 23 35
23 20 35
20 19 102
19 18 76
18 17 51
17 22 102
22 13 154
13 14 36
14 16 105
16 15 26
15 39 180
39 4 463
4 3 51
3 5 92
5 2 51
2 198 1177
198 1 1138
1 6 51
6 7 449
7 8 51
8 9 25
9 10 26
10 11 25
11 40 198
40 12 180

