198
34 26 92
26 25 26
25 24 36
24 23 35
23 20 35
20 19 102
19 18 76
18 17 51
17 21 114
21 22 51
22 46 217
46 45 50
45 51 35
51 38 57
38 29 107
29 28 35
28 33 92
33 35 57
35 52 76
52 61 26
61 74 50
74 64 57
64 80 57
80 75 37
75 76 25
76 77 26
77 63 25
63 50 72
50 49 51
49 47 35
47 48 35
48 62 37
62 78 76
78 79 26
79 90 25
90 91 26
91 104 92
104 113 36
113 112 25
112 111 26
111 105 26
105 106 25
106 110 37
110 109 25
109 108 25
108 107 37
107 166 148
166 167 127
167 181 1468
181 182 95
182 180 25
180 176 37
176 175 97
175 172 76
172 173 73
173 174 76
174 177 99
177 179 26
179 183 25
183 184 51
184 178 51
178 193 25
193 197 150
197 196 76
196 195 76
195 194 76
194 186 224
186 185 76
185 192 76
192 191 76
191 190 224
190 187 76
187 188 76
188 189 76
189 170 1347
170 171 114
171 165 150
165 164 25
164 163 77
163 162 50
162 150 57
150 149 51
149 145 56
145 142 25
142 144 35
144 143 35
143 136 71
136 128 88
128 127 78
127 126 60
126 169 26
169 125 68
125 168 46
168 124 26
124 130 56
130 129 26
129 132 26
132 135 35
135 140 36
140 134 26
134 131 36
131 133 25
133 139 26
139 141 25
141 146 25
146 147 26
147 148 26
148 151 25
151 161 26
161 160 26
160 152 26
152 159 51
159 158 108
158 157 51
157 156 25
156 155 26
155 154 25
154 153 26
153 138 166
138 137 115
137 123 114
123 122 115
122 119 86
119 118 25
118 117 25
117 116 51
116 115 26
115 120 40
120 121 51
121 114 40
114 103 148
103 102 26
102 101 56
101 92 25
92 100 36
100 93 25
93 94 25
94 95 51
95 89 36
89 88 26
88 96 36
96 97 26
97 87 26
87 81 36
81 82 26
82 73 26
73 65 25
65 60 25
60 53 26
53 44 25
44 66 107
66 67 25
67 59 35
59 54 26
54 43 25
43 42 51
42 41 25
41 55 57
55 58 26
58 69 58
69 72 22
72 83 26
83 86 25
86 98 26
98 99 76
99 85 36
85 84 35
84 71 57
71 70 76
70 68 25
68 57 25
57 56 26
56 40 127
40 12 180
12 11 25
11 10 25
10 9 26
9 8 25
8 7 51
7 4 353
4 5 76
5 6 76
6 1 51
1 198 1138
198 2 1177
2 3 76
3 39 474
39 15 180
15 16 26
16 14 105
14 13 36
13 37 148
37 30 35
30 36 36
36 31 25
31 27 72
27 32 51
32 34 104

