198
165 164 25
164 163 77
163 162 50
162 150 57
150 149 51
149 144 36
144 146 51
146 142 36
142 140 25
140 139 26
139 141 25
141 133 51
133 137 102
137 123 114
123 168 80
168 124 26
124 125 38
125 130 52
130 131 26
131 134 36
134 135 25
135 132 35
132 129 26
129 128 50
128 126 50
126 169 26
169 127 65
127 170 114
170 189 1347
189 188 76
188 187 76
187 190 76
190 191 224
191 192 76
192 185 76
185 186 76
186 184 149
184 178 51
178 194 117
194 195 76
195 196 76
196 197 76
197 193 150
193 177 57
177 179 26
179 183 25
183 182 102
182 180 25
180 176 37
176 174 62
174 173 76
173 172 73
172 175 76
175 181 122
181 167 1468
167 166 127
166 107 148
107 108 37
108 109 25
109 110 25
110 106 37
106 105 25
105 111 26
111 112 26
112 113 25
113 104 36
104 91 92
91 90 26
90 79 25
79 78 26
78 62 76
62 48 37
48 47 35
47 49 35
49 63 51
63 77 25
77 76 26
76 75 25
75 80 37
80 64 57
64 51 51
51 46 35
46 50 36
50 34 80
34 38 57
38 33 56
33 26 57
26 25 26
25 24 36
24 20 50
20 23 35
23 21 57
21 19 127
19 18 76
18 17 51
17 22 102
22 28 80
28 30 57
30 37 35
37 43 72
43 42 51
42 41 25
41 13 185
13 14 36
14 16 105
16 15 26
15 39 180
39 4 463
4 3 51
3 2 76
2 198 1177
198 1 1138
1 6 51
6 5 76
5 7 397
7 8 51
8 9 25
9 10 26
10 11 25
11 12 25
12 40 180
40 56 127
56 57 26
57 68 25
68 70 25
70 85 51
85 99 36
99 84 51
84 71 57
71 67 25
67 58 25
58 55 26
55 54 25
54 59 26
59 66 25
66 69 23
69 72 22
72 83 26
83 86 25
86 98 26
98 82 92
82 73 26
73 65 25
65 60 25
60 53 26
53 44 25
44 36 57
36 31 25
31 29 36
29 27 36
27 32 51
32 35 36
35 45 57
45 52 36
52 61 26
61 74 50
74 81 36
81 87 36
87 97 26
97 96 26
96 88 36
88 89 26
89 95 36
95 94 51
94 93 25
93 100 25
100 92 36
92 101 25
101 102 56
102 103 26
103 114 148
114 121 40
121 120 51
120 115 40
115 116 26
116 117 51
117 118 25
118 119 25
119 122 86
122 138 114
138 153 166
153 154 26
154 155 25
155 156 26
156 157 25
157 158 51
158 159 108
159 160 44
160 161 26
161 151 26
151 152 26
152 147 25
147 148 26
148 145 26
145 143 56
143 136 71
136 171 114
171 165 150

