198
104 113 36
113 112 25
112 111 26
111 105 26
105 106 25
106 110 37
110 109 25
109 108 25
108 107 37
107 166 148
166 167 127
167 181 1468
181 182 95
182 180 25
180 176 37
176 175 97
175 172 76
172 173 73
173 174 76
174 177 99
177 179 26
179 183 25
183 184 51
184 178 51
178 193 25
193 194 106
194 197 76
197 196 76
196 195 76
195 186 237
186 185 76
185 192 76
192 191 76
191 190 224
190 187 76
187 188 76
188 189 76
189 170 1347
170 171 114
171 165 150
165 164 25
164 163 77
163 162 50
162 150 57
150 149 51
149 144 36
144 143 35
143 136 71
136 128 88
128 127 78
127 126 60
126 169 26
169 125 68
125 130 52
130 129 26
129 132 26
132 131 26
131 133 25
133 134 26
134 135 25
135 140 36
140 142 25
142 139 36
139 141 25
141 146 25
146 145 26
145 148 26
148 151 25
151 161 26
161 160 26
160 152 26
152 147 25
147 159 67
159 158 108
158 157 51
157 156 25
156 155 26
155 154 25
154 153 26
153 138 166
138 137 115
137 124 137
124 168 26
168 123 80
123 122 115
122 119 86
119 118 25
118 117 25
117 116 51
116 120 40
120 121 51
121 115 54
115 114 25
114 103 148
103 102 26
102 101 56
101 92 25
92 100 36
100 93 25
93 94 25
94 95 51
95 89 36
89 88 26
88 96 36
96 97 26
97 87 26
87 98 80
98 86 26
86 83 25
83 72 26
72 69 22
69 66 23
66 59 25
59 54 26
54 43 25
43 42 51
42 41 25
41 55 57
55 58 26
58 67 25
67 71 25
71 84 57
84 99 51
99 85 36
85 70 51
70 68 25
68 57 25
57 56 26
56 40 127
40 12 180
12 11 25
11 10 25
10 9 26
9 8 25
8 7 51
7 5 397
5 6 76
6 1 51
1 198 1138
198 2 1177
2 3 76
3 4 51
4 39 463
39 15 180
15 16 26
16 14 105
14 13 36
13 22 154
22 17 102
17 18 51
18 19 76
19 21 127
21 23 57
23 20 35
20 24 50
24 25 36
25 26 26
26 27 50
27 29 36
29 28 35
28 30 57
30 37 35
37 31 57
31 36 25
36 35 25
35 32 36
32 33 25
33 38 56
38 46 26
46 51 35
51 45 35
45 52 36
52 61 26
61 44 72
44 53 25
53 60 26
60 65 25
65 73 25
73 82 26
82 81 26
81 74 36
74 64 57
64 80 57
80 75 37
75 76 25
76 77 26
77 63 25
63 50 72
50 34 80
34 49 80
49 47 35
47 48 35
48 62 37
62 78 76
78 79 26
79 90 25
90 91 26
91 104 92

