198
65 73 25
73 82 26
82 81 26
81 87 36
87 97 26
97 96 26
96 88 36
88 89 26
89 95 36
95 94 51
94 93 25
93 100 25
100 92 36
92 101 25
101 102 56
102 103 26
103 114 148
114 121 40
121 115 54
115 116 26
116 120 40
120 122 85
122 117 78
117 118 25
118 119 25
119 123 109
123 168 80
168 124 26
124 125 38
125 129 52
129 130 26
130 131 26
131 132 26
132 135 35
135 134 25
134 140 26
140 142 25
142 143 50
143 144 35
144 145 25
145 148 26
148 152 36
152 147 25
147 146 26
146 141 25
141 139 25
139 133 26
133 137 102
137 138 115
138 153 166
153 154 26
154 155 25
155 156 26
156 157 25
157 158 51
158 159 108
159 160 44
160 161 26
161 151 26
151 149 56
149 150 51
150 162 57
162 163 50
163 164 77
164 165 25
165 171 150
171 136 114
136 128 88
128 126 50
126 169 26
169 127 65
127 170 114
170 189 1347
189 188 76
188 187 76
187 190 76
190 191 224
191 192 76
192 185 76
185 186 76
186 184 149
184 178 51
178 194 117
194 195 76
195 196 76
196 197 76
197 193 150
193 177 57
177 179 26
179 183 25
183 182 102
182 180 25
180 176 37
176 174 62
174 173 76
173 172 73
172 175 76
175 181 122
181 167 1468
167 166 127
166 107 148
107 108 37
108 109 25
109 110 25
110 106 37
106 105 25
105 111 26
111 112 26
112 113 25
113 104 36
104 91 92
91 78 25
78 90 36
90 79 25
79 62 80
62 48 37
48 47 35
47 34 72
34 38 57
38 46 26
46 50 36
50 49 51
49 63 51
63 77 25
77 76 26
76 75 25
75 80 37
80 64 57
64 51 51
51 45 35
45 52 36
52 61 26
61 74 50
74 69 109
69 66 23
66 59 25
59 54 26
54 58 36
58 67 25
67 71 25
71 72 25
72 83 26
83 86 25
86 98 26
98 99 76
99 85 36
85 84 35
84 70 36
70 68 25
68 55 92
55 42 36
42 41 25
41 56 35
56 57 26
57 12 204
12 11 25
11 10 25
10 9 26
9 8 25
8 7 51
7 5 397
5 6 76
6 1 51
1 198 1138
198 2 1177
2 3 76
3 4 51
4 40 490
40 39 102
39 13 153
13 14 36
14 15 102
15 16 26
16 17 152
17 18 51
18 19 76
19 20 102
20 23 35
23 24 35
24 25 36
25 26 26
26 27 50
27 21 80
21 22 51
22 28 80
28 29 35
29 33 57
33 32 25
32 35 36
35 36 25
36 31 25
31 30 26
30 37 35
37 43 72
43 44 76
44 53 25
53 60 26
60 65 25

