130
60 108 26
108 10 50
10 4 31
4 75 66
75 44 50
44 15 41
15 127 31
127 104 32
104 111 24
111 61 32
61 27 85
27 114 46
114 116 84
116 38 59
38 40 29
40 70 35
70 129 35
129 49 26
49 17 89
17 7 33
7 107 2
107 113 30
113 2 29
2 82 44
82 29 55
29 58 29
58 89 80
89 124 8
124 84 25
84 65 50
65 77 167
77 120 63
120 125 69
125 20 81
20 32 16
32 36 70
36 21 8
21 22 33
22 95 78
95 12 32
12 66 27
66 13 38
13 9 6
9 101 129
101 5 31
5 54 121
54 121 32
121 39 61
39 46 2
46 92 59
92 19 62
19 3 79
3 34 51
34 117 48
117 45 33
45 79 16
79 1 59
1 53 75
53 16 76
16 30 21
30 33 36
33 126 104
126 106 36
106 103 31
103 42 36
42 18 79
18 26 28
26 99 38
99 115 49
115 78 36
78 94 21
94 23 31
23 14 29
14 28 31
28 88 72
88 93 39
93 76 79
76 102 45
102 80 49
80 11 40
11 86 0
86 37 100
37 105 74
105 41 104
41 43 31
43 50 63
50 59 13
59 119 52
119 52 25
52 57 38
57 48 8
48 71 60
71 90 76
90 91 163
91 72 75
72 98 38
98 73 40
73 74 8
74 51 29
51 64 76
64 55 32
55 8 43
8 56 19
56 81 60
81 100 82
100 122 34
122 110 6
110 118 156
118 83 50
83 35 3
35 112 25
112 31 13
31 24 79
24 47 15
47 97 54
97 109 40
109 67 65
67 62 38
62 69 66
69 96 31
96 6 44
6 25 64
25 87 98
87 85 54
85 130 24
130 68 67
68 63 22
63 123 85
123 128 37
128 60 71

