130
83 118 50
118 110 156
110 122 6
122 100 34
100 81 82
81 56 60
56 8 19
8 55 43
55 64 32
64 51 76
51 74 29
74 73 8
73 72 45
72 98 38
98 90 154
90 71 76
71 48 60
48 57 8
57 119 58
119 52 25
52 105 70
105 37 74
37 91 74
91 11 113
11 86 0
86 80 40
80 102 49
102 76 45
76 28 101
28 14 31
14 23 29
23 94 31
94 78 21
78 115 36
115 99 49
99 18 44
18 26 28
26 30 37
30 16 21
16 33 32
33 40 176
40 38 29
38 70 14
70 129 35
129 49 26
49 1 40
1 53 75
53 34 48
34 3 51
3 41 83
41 50 44
50 59 13
59 54 65
54 121 32
121 5 140
5 101 31
101 9 129
9 13 6
13 95 39
95 66 11
66 12 27
12 22 100
22 21 33
21 36 8
36 46 19
46 39 2
39 43 56
43 92 62
92 19 62
19 117 31
117 79 21
79 45 16
45 17 54
17 107 34
107 7 2
7 20 70
20 32 16
32 120 110
120 77 63
77 65 167
65 84 50
84 124 25
124 89 8
89 58 80
58 29 29
29 125 59
125 113 39
113 2 29
2 82 44
82 116 71
116 111 38
111 114 66
114 27 46
27 61 85
61 104 20
104 127 32
127 15 31
15 44 41
44 4 63
4 10 31
10 75 49
75 108 36
108 60 26
60 128 71
128 123 37
123 63 85
63 68 22
68 130 67
130 85 24
85 87 54
87 25 98
25 6 64
6 96 44
96 69 31
69 106 80
106 126 36
126 103 42
103 42 36
42 88 109
88 93 39
93 109 73
109 97 40
97 67 42
67 62 38
62 47 80
47 24 15
24 112 79
112 31 13
31 35 25
35 83 3

