130
12 22 100
22 39 31
39 46 2
46 21 22
21 36 8
36 43 63
43 41 31
41 105 104
105 37 74
37 91 74
91 11 113
11 86 0
86 80 40
80 102 49
102 76 45
76 93 79
93 88 39
88 109 46
109 42 91
42 103 36
103 106 31
106 126 36
126 33 104
33 26 52
26 18 28
18 14 51
14 28 31
28 23 35
23 94 31
94 78 21
78 115 36
115 99 49
99 30 51
30 16 21
16 53 76
53 1 75
1 49 40
49 129 26
129 40 63
40 38 29
38 70 14
70 17 126
17 45 54
45 79 16
79 19 32
19 117 31
117 34 48
34 3 51
3 92 84
92 32 77
32 20 16
20 7 70
7 107 2
107 113 30
113 125 39
125 120 69
120 77 63
77 65 167
65 84 50
84 124 25
124 89 8
89 58 80
58 29 29
29 82 55
82 2 44
2 116 70
116 111 38
111 114 66
114 27 46
27 61 85
61 104 20
104 127 32
127 15 31
15 44 41
44 75 50
75 4 66
4 10 31
10 108 50
108 60 26
60 128 71
128 123 37
123 63 85
63 68 22
68 130 67
130 85 24
85 87 54
87 25 98
25 6 64
6 96 44
96 69 31
69 62 66
62 67 38
67 97 42
97 47 54
47 24 15
24 112 79
112 31 13
31 35 25
35 83 3
83 118 50
118 110 156
110 122 6
122 100 34
100 81 82
81 56 60
56 8 19
8 55 43
55 64 32
64 51 76
51 74 29
74 73 8
73 72 45
72 98 38
98 90 154
90 71 76
71 48 60
48 57 8
57 52 38
52 119 25
119 50 54
50 59 13
59 54 65
54 121 32
121 5 140
5 101 31
101 9 129
9 13 6
13 95 39
95 66 11
66 12 27

