130
110 118 156
118 83 50
83 35 3
35 31 25
31 112 13
112 97 79
97 24 46
24 47 15
47 67 49
67 62 38
62 69 66
69 96 31
96 6 44
6 25 64
25 87 98
87 85 54
85 130 24
130 68 67
68 63 22
63 123 85
123 128 37
128 60 71
60 108 26
108 75 36
75 10 49
10 4 31
4 44 63
44 15 41
15 127 31
127 104 32
104 61 20
61 27 85
27 114 46
114 111 66
111 116 38
116 2 70
2 82 44
82 29 55
29 58 29
58 89 80
89 124 8
124 84 25
84 65 50
65 77 167
77 120 63
120 125 69
125 113 39
113 107 30
107 7 2
7 20 70
20 32 16
32 92 77
92 3 84
3 34 51
34 117 48
117 19 31
19 79 32
79 45 16
45 17 54
17 70 126
70 38 14
38 40 29
40 129 63
129 49 26
49 1 40
1 53 75
53 16 76
16 30 21
30 99 51
99 115 49
115 78 36
78 94 21
94 23 31
23 28 35
28 14 31
14 18 51
18 26 28
26 33 52
33 126 104
126 106 36
106 103 31
103 42 36
42 109 91
109 88 46
88 93 39
93 76 79
76 102 45
102 80 49
80 86 40
86 11 0
11 91 113
91 37 74
37 105 74
105 41 104
41 43 31
43 39 56
39 46 2
46 36 19
36 21 8
21 22 33
22 95 78
95 12 32
12 66 27
66 13 38
13 9 6
9 101 129
101 5 31
5 121 140
121 54 32
54 59 65
59 50 13
50 119 54
119 52 25
52 57 38
57 48 8
48 71 60
71 90 76
90 98 154
98 72 38
72 73 45
73 74 8
74 51 29
51 64 76
64 55 32
55 8 43
8 56 19
56 81 60
81 100 82
100 122 34
122 110 6

