130
81 100 82
100 122 34
122 110 6
110 118 156
118 83 50
83 35 3
35 31 25
31 112 13
112 24 79
24 47 15
47 97 54
97 67 42
67 62 38
62 69 66
69 96 31
96 6 44
6 25 64
25 87 98
87 85 54
85 130 24
130 68 67
68 63 22
63 123 85
123 128 37
128 60 71
60 108 26
108 10 50
10 4 31
4 75 66
75 44 50
44 15 41
15 127 31
127 104 32
104 61 20
61 27 85
27 114 46
114 111 66
111 116 38
116 38 59
38 40 29
40 70 35
70 129 35
129 49 26
49 1 40
1 117 57
117 79 21
79 45 16
45 17 54
17 7 33
7 107 2
107 113 30
113 2 29
2 82 44
82 29 55
29 58 29
58 89 80
89 124 8
124 84 25
84 65 50
65 77 167
77 120 63
120 125 69
125 20 81
20 32 16
32 21 65
21 36 8
36 46 19
46 39 2
39 22 31
22 95 78
95 12 32
12 66 27
66 13 38
13 9 6
9 101 129
101 5 31
5 121 140
121 54 32
54 59 65
59 50 13
50 41 44
41 43 31
43 92 62
92 19 62
19 3 79
3 34 51
34 53 48
53 16 76
16 30 21
30 99 51
99 115 49
115 78 36
78 94 21
94 23 31
23 28 35
28 14 31
14 18 51
18 26 28
26 33 52
33 126 104
126 106 36
106 103 31
103 42 36
42 109 91
109 88 46
88 93 39
93 76 79
76 102 45
102 80 49
80 86 40
86 11 0
11 91 113
91 37 74
37 105 74
105 52 70
52 119 25
119 57 58
57 48 8
48 71 60
71 90 76
90 98 154
98 72 38
72 73 45
73 74 8
74 51 29
51 64 76
64 55 32
55 8 43
8 56 19
56 81 60

