130
47 24 15
24 112 79
112 31 13
31 35 25
35 83 3
83 118 50
118 110 156
110 122 6
122 100 34
100 81 82
81 56 60
56 8 19
8 55 43
55 64 32
64 51 76
51 74 29
74 73 8
73 72 45
72 98 38
98 90 154
90 71 76
71 48 60
48 57 8
57 119 58
119 52 25
52 105 70
105 37 74
37 91 74
91 11 113
11 86 0
86 80 40
80 102 49
102 76 45
76 93 79
93 106 194
106 42 51
42 103 36
103 126 42
126 69 100
69 96 31
96 6 44
6 25 64
25 87 98
87 85 54
85 130 24
130 68 67
68 63 22
63 123 85
123 128 37
128 60 71
60 108 26
108 75 36
75 10 49
10 4 31
4 44 63
44 15 41
15 127 31
127 104 32
104 61 20
61 27 85
27 114 46
114 111 66
111 116 38
116 82 71
82 2 44
2 113 29
113 125 39
125 29 59
29 58 29
58 89 80
89 124 8
124 84 25
84 65 50
65 77 167
77 120 63
120 32 110
32 20 16
20 7 70
7 107 2
107 17 34
17 45 54
45 79 16
79 117 21
117 19 31
19 92 62
92 43 62
43 39 56
39 46 2
46 36 19
36 21 8
21 22 33
22 12 100
12 66 27
66 95 11
95 13 39
13 9 6
9 101 129
101 5 31
5 121 140
121 54 32
54 59 65
59 50 13
50 41 44
41 3 83
3 34 51
34 53 48
53 1 75
1 49 40
49 129 26
129 70 35
70 38 14
38 40 29
40 33 176
33 16 32
16 30 21
30 26 37
26 18 28
18 99 44
99 115 49
115 78 36
78 94 21
94 23 31
23 14 29
14 28 31
28 88 72
88 97 82
97 109 40
109 67 65
67 62 38
62 47 80

