130
80 86 40
86 11 0
11 91 113
91 37 74
37 105 74
105 3 99
3 41 83
41 43 31
43 92 62
92 20 76
20 125 81
125 113 39
113 2 29
2 107 47
107 7 2
7 17 33
17 45 54
45 79 16
79 49 66
49 70 59
70 38 14
38 40 29
40 129 63
129 1 57
1 117 57
117 19 31
19 34 62
34 53 48
53 16 76
16 33 32
33 30 36
30 26 37
26 18 28
18 99 44
99 115 49
115 78 36
78 94 21
94 23 31
23 28 35
28 14 31
14 42 122
42 103 36
103 126 42
126 106 36
106 69 80
69 96 31
96 6 44
6 25 64
25 87 98
87 85 54
85 130 24
130 68 67
68 63 22
63 123 85
123 128 37
128 60 71
60 108 26
108 75 36
75 10 49
10 4 31
4 44 63
44 15 41
15 127 31
127 104 32
104 111 24
111 61 32
61 27 85
27 114 46
114 116 84
116 82 71
82 29 55
29 58 29
58 89 80
89 124 8
124 84 25
84 65 50
65 77 167
77 120 63
120 32 110
32 21 65
21 36 8
36 46 19
46 39 2
39 22 31
22 54 85
54 121 32
121 95 78
95 12 32
12 66 27
66 13 38
13 9 6
9 101 129
101 5 31
5 59 137
59 50 13
50 119 54
119 52 25
52 57 38
57 48 8
48 71 60
71 90 76
90 98 154
98 72 38
72 73 45
73 74 8
74 51 29
51 64 76
64 55 32
55 8 43
8 56 19
56 81 60
81 100 82
100 122 34
122 110 6
110 118 156
118 83 50
83 35 3
35 31 25
31 112 13
112 24 79
24 47 15
47 62 80
62 67 38
67 97 42
97 109 40
109 88 46
88 93 39
93 76 79
76 102 45
102 80 49

