130
15 127 31
127 40 66
40 38 29
38 70 14
70 129 35
129 1 57
1 49 40
49 116 107
116 111 38
111 104 24
104 61 20
61 27 85
27 114 46
114 82 91
82 29 55
29 58 29
58 89 80
89 124 8
124 84 25
84 65 50
65 77 167
77 120 63
120 125 69
125 113 39
113 2 29
2 107 47
107 7 2
7 17 33
17 20 63
20 32 16
32 21 65
21 39 23
39 46 2
46 22 30
22 95 78
95 12 32
12 66 27
66 13 38
13 9 6
9 101 129
101 5 31
5 121 140
121 54 32
54 59 65
59 50 13
50 41 44
41 43 31
43 36 63
36 92 43
92 3 84
3 19 79
19 45 28
45 79 16
79 117 21
117 34 48
34 53 48
53 16 76
16 30 21
30 99 51
99 115 49
115 78 36
78 94 21
94 23 31
23 28 35
28 14 31
14 18 51
18 26 28
26 33 52
33 126 104
126 106 36
106 103 31
103 42 36
42 109 91
109 88 46
88 93 39
93 76 79
76 102 45
102 80 49
80 86 40
86 11 0
11 91 113
91 37 74
37 105 74
105 52 70
52 119 25
119 57 58
57 48 8
48 71 60
71 90 76
90 98 154
98 72 38
72 73 45
73 74 8
74 51 29
51 64 76
64 55 32
55 8 43
8 56 19
56 81 60
81 100 82
100 122 34
122 110 6
110 118 156
118 83 50
83 35 3
35 31 25
31 112 13
112 24 79
24 47 15
47 97 54
97 67 42
67 62 38
62 69 66
69 96 31
96 6 44
6 25 64
25 87 98
87 85 54
85 130 24
130 68 67
68 63 22
63 123 85
123 128 37
128 60 71
60 4 105
4 10 31
10 75 49
75 44 50
44 108 84
108 15 125

