52
1 52 187
1 51 1716
1 50 1422
1 49 596
1 48 728
1 47 910
1 46 1151
1 45 859
1 44 823
1 43 745
1 42 1124
1 41 103
1 40 896
1 39 870
1 38 828
1 37 897
1 36 858
1 35 785
1 34 777
1 33 782
1 32 1489
1 31 730
1 30 541
1 29 390
1 28 635
1 27 1244
1 26 1302
1 25 1192
1 24 1029
1 23 922
1 22 510
1 21 636
1 20 392
1 19 564
1 18 843
1 17 595
1 16 495
1 15 724
1 14 958
1 13 1516
1 12 1440
1 11 1259
1 10 1639
1 9 1133
1 8 1135
1 7 956
1 6 45
1 5 978
1 4 945
1 3 1047
1 2 649
2 52 826
2 51 1484
2 50 995
2 49 463
2 48 288
2 47 505
2 46 1072
2 45 553
2 44 220
2 43 434
2 42 557
2 41 550
2 40 247
2 39 427
2 38 392
2 37 462
2 36 447
2 35 368
2 34 374
2 33 394
2 32 903
2 31 245
2 30 209
2 29 504
2 28 651
2 27 970
2 26 1068
2 25 1006
2 24 653
2 23 506
2 22 361
2 21 241
2 20 289
2 19 441
2 18 207
2 17 135
2 16 217
2 15 537
2 14 505
2 13 1400
2 12 1248
2 11 891
2 10 1267
2 9 487
2 8 486
2 7 308
2 6 611
2 5 543
2 4 509
2 3 604
3 52 1167
3 51 909
3 50 397
3 49 478
3 48 345
3 47 137
3 46 660
3 45 231
3 44 411
3 43 307
3 42 245
3 41 950
3 40 545
3 39 188
3 38 230
3 37 155
3 36 190
3 35 271
3 34 275
3 33 267
3 32 517
3 31 371
3 30 541
3 29 690
3 28 580
3 27 417
3 26 527
3 25 516
3 24 109
3 23 125
3 22 538
3 21 437
3 20 681
3 19 501
3 18 475
3 17 532
3 16 800
3 15 384
3 14 100
3 13 897
3 12 711
3 11 294
3 10 663
3 9 534
3 8 611
3 7 525
3 6 1026
3 5 70
3 4 104
4 52 1069
4 51 984
4 50 500
4 49 387
4 48 242
4 47 47
4 46 674
4 45 171
4 44 331
4 43 212
4 42 267
4 41 848
4 40 480
4 39 85
4 38 127
4 37 51
4 36 87
4 35 166
4 34 171
4 33 163
4 32 590
4 31 270
4 30 437
4 29 594
4 28 510
4 27 479
4 26 584
4 25 552
4 24 150
4 23 32
4 22 437
4 21 332
4 20 577
4 19 407
4 18 401
4 17 430
4 16 700
4 15 309
4 14 25
4 13 944
4 12 769
4 11 382
4 10 761
4 9 513
4 8 584
4 7 471
4 6 924
4 5 35
5 52 1100
5 51 955
5 50 465
5 49 414
5 48 277
5 47 71
5 46 662
5 45 182
5 44 360
5 43 241
5 42 260
5 41 881
5 40 504
5 39 120
5 38 162
5 37 86
5 36 121
5 35 201
5 34 206
5 33 197
5 32 568
5 31 305
5 30 472
5 29 624
5 28 528
5 27 452
5 26 559
5 25 533
5 24 124
5 23 57
5 22 469
5 21 368
5 20 612
5 19 435
5 18 428
5 17 466
5 16 735
5 15 329
5 14 40
5 13 923
5 12 744
5 11 349
5 10 726
5 9 523
5 8 596
5 7 492
5 6 957
6 52 231
6 51 1715
6 50 1405
6 49 585
6 48 702
6 47 890
6 46 1157
6 45 844
6 44 789
6 43 727
6 42 1095
6 41 76
6 40 858
6 39 847
6 38 804
6 37 875
6 36 836
6 35 762
6 34 754
6 33 760
6 32 1460
6 31 701
6 30 512
6 29 386
6 28 637
6 27 1237
6 26 1298
6 25 1190
6 24 1012
6 23 901
6 22 491
6 21 609
6 20 362
6 19 552
6 18 807
6 17 562
6 16 451
6 15 714
6 14 935
6 13 1522
6 12 1440
6 11 1245
6 10 1627
6 9 1096
6 8 1096
6 7 918
7 52 1129
7 51 1430
7 50 860
7 49 644
7 48 383
7 47 495
7 46 1136
7 45 599
7 44 187
7 43 530
7 42 359
7 41 856
7 40 64
7 39 422
7 38 414
7 37 446
7 36 461
7 35 422
7 34 435
7 33 455
7 32 645
7 31 339
7 30 457
7 29 759
7 28 831
7 27 941
7 26 1049
7 25 1023
7 24 616
7 23 487
7 22 587
7 21 415
7 20 580
7 19 636
7 18 126
7 17 381
7 16 507
7 15 661
7 14 453
7 13 1414
7 12 1234
7 11 812
7 10 1145
7 9 180
7 8 183
8 52 1310
8 51 1487
8 50 883
8 49 815
8 48 551
8 47 618
8 46 1257
8 45 734
8 44 361
8 43 686
8 42 390
8 41 1036
8 40 239
8 39 555
8 38 558
8 37 572
8 36 596
8 35 575
8 34 589
8 33 607
8 32 570
8 31 510
8 30 640
8 29 940
8 28 998
8 27 1024
8 26 1135
8 25 1126
8 24 714
8 23 606
8 22 767
8 21 593
8 20 763
8 19 810
8 18 308
8 17 565
8 16 670
8 15 818
8 14 561
8 13 1507
8 12 1317
8 11 874
8 10 1166
8 9 83
9 52 1304
9 51 1404
9 50 800
9 49 772
9 48 507
9 47 550
9 46 1185
9 45 670
9 44 329
9 43 632
9 42 308
9 41 1032
9 40 244
9 39 492
9 38 500
9 37 506
9 36 534
9 35 521
9 34 536
9 33 552
9 32 501
9 31 471
9 30 619
9 29 912
9 28 950
9 27 945
9 26 1055
9 25 1050
9 24 639
9 23 538
9 22 735
9 21 560
9 20 751
9 19 770
9 18 291
9 17 548
9 16 686
9 15 764
9 14 490
9 13 1428
9 12 1237
9 11 792
9 10 1083
10 52 1721
10 51 399
10 50 285
10 49 1043
10 48 1000
10 47 775
10 46 705
10 45 787
10 44 1068
10 43 913
10 42 789
10 41 1552
10 40 1180
10 39 846
10 38 885
10 37 810
10 36 835
10 35 920
10 34 920
10 33 906
10 32 706
10 31 1031
10 30 1187
10 29 1251
10 28 1042
10 27 418
10 26 417
10 25 541
10 24 631
10 23 770
10 22 1144
10 21 1086
10 20 1314
10 19 1076
10 18 1124
10 17 1190
10 16 1461
10 15 915
10 14 762
10 13 620
10 12 443
10 11 387
11 52 1351
11 51 619
11 50 188
11 49 663
11 48 617
11 47 391
11 46 517
11 45 401
11 44 705
11 43 526
11 42 484
11 41 1170
11 40 836
11 39 465
11 38 503
11 37 430
11 36 451
11 35 536
11 34 535
11 33 520
11 32 584
11 31 651
11 30 800
11 29 875
11 28 688
11 27 182
11 26 283
11 25 335
11 24 245
11 23 388
11 22 758
11 21 700
11 20 927
11 19 694
11 18 769
11 17 807
11 16 1078
11 15 538
11 14 388
11 13 653
11 12 452
12 52 1479
12 51 279
12 50 540
12 49 885
12 48 959
12 47 756
12 46 324
12 45 696
12 44 1098
12 43 822
12 42 931
12 41 1371
12 40 1248
12 39 836
12 38 863
12 37 804
12 36 807
12 35 881
12 34 874
12 33 854
12 32 1010
12 31 1004
12 30 1104
12 29 1056
12 28 805
12 27 294
12 26 185
12 25 254
12 24 620
12 23 760
12 22 1008
12 21 1020
12 20 1195
12 19 920
12 18 1169
12 17 1137
12 16 1400
12 15 759
12 14 784
12 13 206
13 52 1530
13 51 319
13 50 745
13 49 1000
13 48 1114
13 47 925
13 46 365
13 45 849
13 44 1268
13 43 966
13 42 1125
13 41 1457
13 40 1423
13 39 1004
13 38 1026
13 37 975
13 36 971
13 35 1039
13 34 1031
13 33 1010
13 32 1216
13 31 1161
13 30 1239
13 29 1146
13 28 887
13 27 484
13 26 374
13 25 396
13 24 799
13 23 931
13 22 1127
13 21 1165
13 20 1313
13 19 1035
13 18 1341
13 17 1281
13 16 1534
13 15 884
13 14 962
14 52 1085
14 51 995
14 50 497
14 49 406
14 48 246
14 47 72
14 46 696
14 45 196
14 44 320
14 43 231
14 42 242
14 41 860
14 40 464
14 39 90
14 38 133
14 37 61
14 36 103
14 35 175
14 34 181
14 33 176
14 32 569
14 31 270
14 30 443
14 29 612
14 28 533
14 27 492
14 26 599
14 25 571
14 24 164
14 23 56
14 22 451
14 21 339
14 20 586
14 19 425
14 18 388
14 17 432
14 16 700
14 15 332
15 52 814
15 51 1023
15 50 710
15 49 130
15 48 282
15 47 262
15 46 539
15 45 156
15 44 476
15 43 132
15 42 570
15 41 640
15 40 641
15 39 282
15 38 265
15 37 284
15 36 244
15 35 243
15 34 229
15 33 211
15 32 897
15 31 331
15 30 357
15 29 337
15 28 201
15 27 526
15 26 598
15 25 506
15 24 326
15 23 278
15 22 249
15 21 297
15 20 435
15 19 165
15 18 549
15 17 408
15 16 651
16 52 681
16 51 1649
16 50 1197
16 49 544
16 48 462
16 47 687
16 46 1188
16 45 708
16 44 437
16 43 579
16 42 773
16 41 408
16 40 443
16 39 615
16 38 576
16 37 650
16 36 627
16 35 543
16 34 545
16 33 561
16 32 1120
16 31 430
16 30 296
16 29 492
16 28 707
16 27 1136
16 26 1226
16 25 1149
16 24 834
16 23 691
16 22 418
16 21 383
16 20 253
16 19 512
16 18 421
16 17 272
17 52 759
17 51 1381
17 50 929
17 49 329
17 48 190
17 47 416
17 46 946
17 45 441
17 44 228
17 43 315
17 42 541
17 41 493
17 40 330
17 39 345
17 38 305
17 37 380
17 36 356
17 35 271
17 34 273
17 33 290
17 32 903
17 31 163
17 30 80
17 29 385
17 28 517
17 27 867
17 26 960
17 25 890
17 24 563
17 23 420
17 22 229
17 21 116
17 20 205
17 19 306
17 18 258
18 52 1013
18 51 1382
18 50 843
18 49 522
18 48 267
18 47 415
18 46 1045
18 45 504
18 44 75
18 43 420
18 42 368
18 41 742
18 40 92
18 39 336
18 38 319
18 37 366
18 36 371
18 35 318
18 34 330
18 33 351
18 32 701
18 31 220
18 30 332
18 29 633
18 28 711
18 27 879
18 26 985
18 25 945
18 24 551
18 23 410
18 22 461
18 21 290
18 20 461
18 19 512
19 52 668
19 51 1186
19 50 859
19 49 35
19 48 264
19 47 365
19 46 680
19 45 295
19 44 450
19 43 194
19 42 638
19 41 477
19 40 601
19 39 348
19 38 314
19 37 366
19 36 323
19 35 275
19 34 262
19 33 257
19 32 990
19 31 300
19 30 236
19 29 189
19 28 210
19 27 691
19 26 762
19 25 666
19 24 467
19 23 378
19 22 94
19 21 224
19 20 279
20 52 553
20 51 1457
20 50 1072
20 49 313
20 48 344
20 47 549
20 46 958
20 45 530
20 44 433
20 43 402
20 42 733
20 41 290
20 40 525
20 39 496
20 38 453
20 37 527
20 36 492
20 35 411
20 34 406
20 33 416
20 32 1098
20 31 340
20 30 150
20 29 242
20 28 459
20 27 952
20 26 1031
20 25 941
20 24 685
20 23 558
20 22 187
20 21 251
21 52 783
21 51 1266
21 50 832
21 49 237
21 48 94
21 47 311
21 46 832
21 45 326
21 44 233
21 43 199
21 42 488
21 41 535
21 40 378
21 39 249
21 38 206
21 37 281
21 36 251
21 35 167
21 34 165
21 33 180
21 32 853
21 31 97
21 30 104
21 29 353
21 28 429
21 27 753
21 26 844
21 25 774
21 24 455
21 23 318
21 22 175
22 52 635
22 51 1271
22 50 914
22 49 127
22 48 244
22 47 401
22 46 774
22 45 357
22 44 407
22 43 236
22 42 641
22 41 415
22 40 545
22 39 366
22 38 326
22 37 390
22 36 349
22 35 283
22 34 273
22 33 275
22 32 1002
22 31 267
22 30 152
22 29 179
22 28 296
22 27 770
22 26 846
22 25 754
22 24 522
22 23 412
23 52 1043
23 51 982
23 50 515
23 49 358
23 48 230
23 47 16
23 46 653
23 45 140
23 44 338
23 43 184
23 42 298
23 41 825
23 40 492
23 39 79
23 38 115
23 37 45
23 36 67
23 35 151
23 34 153
23 33 142
23 32 621
23 31 263
23 30 421
23 29 567
23 28 478
23 27 472
23 26 576
23 25 537
23 24 147
24 52 1134
24 51 835
24 50 393
24 49 439
24 48 373
24 47 148
24 46 551
24 45 173
24 44 481
24 43 286
24 42 354
24 41 936
24 40 628
24 39 226
24 38 261
24 37 191
24 36 207
24 35 292
24 34 290
24 33 275
24 32 606
24 31 409
24 30 556
24 29 654
24 28 509
24 27 329
24 26 435
24 25 412
25 52 1239
25 51 525
25 50 496
25 49 631
25 48 719
25 47 531
25 46 186
25 45 454
25 44 872
25 43 575
25 42 756
25 41 1120
25 40 1029
25 39 609
25 38 630
25 37 580
25 36 576
25 35 644
25 34 635
25 33 614
25 32 917
25 31 766
25 30 853
25 29 805
25 28 559
25 27 159
25 26 126
26 52 1357
26 51 426
26 50 410
26 49 726
26 48 779
26 47 572
26 46 292
26 45 519
26 44 914
26 43 647
26 42 751
26 41 1226
26 40 1063
26 39 653
26 38 680
26 37 620
26 36 624
26 35 700
26 34 694
26 33 674
26 32 862
26 31 823
26 30 931
26 29 912
26 28 674
26 27 110
27 52 1312
27 51 514
27 50 337
27 49 656
27 48 683
27 47 470
27 46 344
27 45 429
27 44 809
27 43 559
27 42 641
27 41 1163
27 40 956
27 39 550
27 38 580
27 37 517
27 36 524
27 35 603
27 34 598
27 33 579
27 32 767
27 31 725
27 30 844
27 29 853
27 28 630
28 52 684
28 51 1082
28 50 871
28 49 191
28 48 448
28 47 462
28 46 523
28 45 349
28 44 644
28 43 322
28 42 771
28 41 571
28 40 802
28 39 481
28 38 459
28 37 484
28 36 444
28 35 431
28 34 416
28 33 402
28 32 1096
28 31 492
28 30 445
28 29 260
29 52 480
29 51 1330
29 50 1044
29 49 215
29 48 423
29 47 553
29 46 782
29 45 481
29 44 583
29 43 383
29 42 816
29 41 315
29 40 713
29 39 532
29 38 494
29 37 552
29 36 509
29 35 453
29 34 441
29 33 439
29 32 1173
29 31 447
29 30 305
30 52 696
30 51 1356
30 50 936
30 49 262
30 48 198
30 47 414
30 46 896
30 45 416
30 44 293
30 43 285
30 42 583
30 41 439
30 40 409
30 39 353
30 38 310
30 37 386
30 36 354
30 35 271
30 34 268
30 33 281
30 32 948
30 31 190
31 52 879
31 51 1238
31 50 767
31 49 306
31 48 50
31 47 261
31 46 845
31 45 312
31 44 151
31 43 207
31 42 394
31 41 628
31 40 311
31 39 186
31 38 148
31 37 221
31 36 203
31 35 123
31 34 130
31 33 151
31 32 759
32 52 1633
32 51 1089
32 50 475
32 49 974
32 48 764
32 47 636
32 46 1095
32 45 747
32 44 688
32 43 799
32 42 365
32 41 1387
32 40 704
32 39 642
32 38 679
32 37 625
32 36 669
32 35 720
32 34 732
32 33 734
33 52 909
33 51 1093
33 50 656
33 49 244
33 48 105
33 47 133
33 46 697
33 45 161
33 44 276
33 43 80
33 42 382
33 41 684
33 40 442
33 39 92
33 38 59
33 37 115
33 36 76
33 35 34
33 34 21
34 52 907
34 51 1112
34 50 668
34 49 252
34 48 85
34 47 146
34 46 718
34 45 182
34 44 256
34 43 96
34 42 376
34 41 678
34 40 421
34 39 93
34 38 53
34 37 121
34 36 86
34 35 15
35 52 917
35 51 1116
35 50 665
35 49 266
35 48 81
35 47 145
35 46 730
35 45 191
35 44 243
35 43 111
35 42 364
35 41 686
35 40 408
35 39 85
35 38 43
35 37 115
35 36 85
36 52 982
36 51 1036
36 50 581
36 49 305
36 48 166
36 47 60
36 46 676
36 45 139
36 44 297
36 43 130
36 42 327
36 41 760
36 40 458
36 39 41
36 38 56
36 37 43
37 52 1024
37 51 1026
37 50 551
37 49 348
37 48 191
37 47 49
37 46 691
37 45 164
37 44 294
37 43 173
37 42 286
37 41 799
37 40 449
37 39 35
37 38 76
38 52 960
38 51 1092
38 50 626
38 49 302
38 48 115
38 47 113
38 46 726
38 45 186
38 44 244
38 43 136
38 42 324
38 41 729
38 40 407
38 39 43
39 52 1000
39 51 1060
39 50 585
39 49 334
39 48 157
39 47 81
39 46 714
39 45 179
39 44 263
39 43 162
39 42 293
39 41 771
39 40 421
40 52 1071
40 51 1453
40 50 896
40 49 612
40 48 359
40 47 499
40 46 1133
40 45 593
40 44 166
40 43 512
40 42 402
40 41 796
41 52 277
41 51 1645
41 50 1329
41 49 510
41 48 627
41 47 814
41 46 1093
41 45 769
41 44 721
41 43 651
41 42 1022
42 52 1270
42 51 1097
42 50 504
42 49 626
42 48 400
42 47 313
42 46 904
42 45 437
42 44 337
42 43 455
43 52 860
43 51 1071
43 50 678
43 49 175
43 48 157
43 47 170
43 46 640
43 45 131
43 44 347
44 52 986
44 51 1315
44 50 790
44 49 457
44 48 196
44 47 343
44 46 970
44 45 430
45 52 961
45 51 941
45 50 564
45 49 266
45 48 265
45 47 125
45 46 540
46 52 1172
46 51 598
46 50 682
46 49 646
46 48 796
46 47 642
47 52 1030
47 51 980
47 50 523
47 49 343
47 48 225
48 52 870
48 51 1197
48 50 742
48 49 265
49 52 695
49 51 1151
49 50 830
50 52 1524
50 51 625
51 52 1757
