198
152 160 26
160 161 26
161 151 26
151 145 51
145 162 149
162 163 50
163 164 77
164 165 25
165 171 150
171 170 114
170 188 1369
188 189 76
189 190 76
190 187 76
187 183 133
183 179 25
179 177 26
177 184 72
184 186 149
186 191 76
191 192 76
192 185 76
185 198 2.61574e+08
198 195 2.61574e+08
195 196 76
196 197 76
197 194 76
194 178 117
178 193 25
193 173 171
173 172 73
172 175 76
175 174 73
174 176 62
176 180 37
180 182 25
182 181 95
181 167 1468
167 166 127
166 107 148
107 108 37
108 109 25
109 110 25
110 106 37
106 105 25
105 111 26
111 112 26
112 113 25
113 104 36
104 91 92
91 78 25
78 90 36
90 79 25
79 77 56
77 63 25
63 62 80
62 48 37
48 47 35
47 49 35
49 50 51
50 46 36
46 38 26
38 34 57
34 33 80
33 32 25
32 35 36
35 36 25
36 37 51
37 30 35
30 31 26
31 29 36
29 28 35
28 27 51
27 22 80
22 21 51
21 26 80
26 25 26
25 24 36
24 23 35
23 20 35
20 19 102
19 18 76
18 17 51
17 16 152
16 15 26
15 14 102
14 13 36
13 39 153
39 3 474
3 2 76
2 1 76
1 6 51
6 5 76
5 4 76
4 7 353
7 8 51
8 9 25
9 10 26
10 11 25
11 12 25
12 40 180
40 41 127
41 42 25
42 56 56
56 57 26
57 68 25
68 70 25
70 85 51
85 99 36
99 84 51
84 71 57
71 98 81
98 86 26
86 83 25
83 72 26
72 69 22
69 66 23
66 59 25
59 67 35
67 58 25
58 55 26
55 54 25
54 43 25
43 44 76
44 53 25
53 60 26
60 65 25
65 73 25
73 82 26
82 87 25
87 97 26
97 96 26
96 88 36
88 81 35
81 74 36
74 64 57
64 61 57
61 52 26
52 45 36
45 51 35
51 76 107
76 75 25
75 80 37
80 89 56
89 95 36
95 94 51
94 93 25
93 100 25
100 92 36
92 101 25
101 102 56
102 103 26
103 121 177
121 114 40
114 115 25
115 116 26
116 120 40
120 122 85
122 117 78
117 118 25
118 119 25
119 123 109
123 137 114
137 138 115
138 153 166
153 154 26
154 155 25
155 156 26
156 157 25
157 158 51
158 159 108
159 136 228
136 144 106
144 148 36
148 150 101
150 127 203
127 126 60
126 169 26
169 125 68
125 168 46
168 124 26
124 130 56
130 129 26
129 132 26
132 131 26
131 133 25
133 134 26
134 135 25
135 142 57
142 140 25
140 139 26
139 141 25
141 146 25
146 147 26
147 143 92
143 128 102
128 149 153
149 152 80

