198
65 73 25
73 69 58
69 72 22
72 83 26
83 86 25
86 98 26
98 99 76
99 85 36
85 84 35
84 70 36
70 68 25
68 57 25
57 56 26
56 41 35
41 40 127
40 12 180
12 11 25
11 10 25
10 9 26
9 8 25
8 7 51
7 5 397
5 6 76
6 1 51
1 2 76
2 3 76
3 4 51
4 39 463
39 13 153
13 14 36
14 15 102
15 16 26
16 17 152
17 18 51
18 19 76
19 20 102
20 23 35
23 21 57
21 22 51
22 28 80
28 29 35
29 27 36
27 26 50
26 25 26
25 24 36
24 34 102
34 38 57
38 33 56
33 32 25
32 35 36
35 36 25
36 31 25
31 30 26
30 37 35
37 43 72
43 42 51
42 55 36
55 54 25
54 59 26
59 58 25
58 67 25
67 71 25
71 66 35
66 82 92
82 87 25
87 97 26
97 96 26
96 81 51
81 74 36
74 88 51
88 89 26
89 95 36
95 94 51
94 93 25
93 100 25
100 92 36
92 101 25
101 102 56
102 103 26
103 114 148
114 121 40
121 120 51
120 115 40
115 116 26
116 117 51
117 118 25
118 119 25
119 122 86
122 138 114
138 153 166
153 154 26
154 155 25
155 156 26
156 157 25
157 158 51
158 137 149
137 123 114
123 168 80
168 124 26
124 125 38
125 130 52
130 131 26
131 132 26
132 129 26
129 128 50
128 126 50
126 169 26
169 127 65
127 136 114
136 143 71
143 135 57
135 134 25
134 133 26
133 139 26
139 141 25
141 140 36
140 142 25
142 145 25
145 146 26
146 147 26
147 152 25
152 159 51
159 160 44
160 161 26
161 151 26
151 148 25
148 144 36
144 149 36
149 150 51
150 162 57
162 163 50
163 164 77
164 165 25
165 171 150
171 170 114
170 188 1369
188 189 76
189 190 76
190 187 76
187 191 237
191 192 76
192 185 76
185 186 76
186 184 149
184 194 150
194 195 76
195 198 2.61574e+08
198 196 2.61574e+08
196 197 76
197 193 150
193 178 25
178 177 51
177 179 26
179 183 25
183 182 102
182 180 25
180 176 37
176 174 62
174 173 76
173 172 73
172 175 76
175 181 122
181 167 1468
167 166 127
166 107 148
107 108 37
108 109 25
109 110 25
110 106 37
106 105 25
105 111 26
111 112 26
112 113 25
113 104 36
104 91 92
91 90 26
90 79 25
79 78 26
78 62 76
62 48 37
48 47 35
47 49 35
49 63 51
63 77 25
77 76 26
76 75 25
75 80 37
80 64 57
64 51 51
51 50 51
50 46 36
46 45 50
45 52 36
52 61 26
61 44 72
44 53 25
53 60 26
60 65 25

