198
30 29 57
29 31 36
31 26 113
26 33 57
33 35 57
35 32 36
32 52 104
52 38 92
38 74 148
74 81 36
81 61 80
61 64 57
64 80 57
80 75 37
75 76 25
76 77 26
77 63 25
63 49 51
49 47 35
47 48 35
48 62 37
62 78 76
78 79 26
79 90 25
90 91 26
91 104 92
104 113 36
113 112 25
112 111 26
111 105 26
105 106 25
106 110 37
110 109 25
109 108 25
108 107 37
107 166 148
166 167 127
167 172 1551
172 173 73
173 197 227
197 194 76
194 195 76
195 196 76
196 198 2.61574e+08
198 192 2.61574e+08
192 191 76
191 185 107
185 186 76
186 187 224
187 182 114
182 180 25
180 176 37
176 177 76
177 179 26
179 183 25
183 184 51
184 178 51
178 193 25
193 174 133
174 175 73
175 181 122
181 188 121
188 190 107
190 189 76
189 171 1381
171 165 150
165 164 25
164 163 77
163 162 50
162 150 57
150 149 51
149 144 36
144 145 25
145 142 25
142 140 25
140 143 56
143 136 71
136 135 86
135 134 25
134 132 25
132 133 36
133 131 25
131 130 26
130 129 26
129 128 50
128 170 181
170 127 114
127 169 65
169 126 26
126 125 63
125 124 38
124 168 26
168 123 80
123 137 114
137 139 102
139 141 25
141 146 25
146 148 37
148 147 26
147 152 25
152 151 26
151 161 26
161 160 26
160 159 44
159 158 108
158 157 51
157 156 25
156 155 26
155 154 25
154 153 26
153 138 166
138 122 114
122 119 86
119 118 25
118 117 25
117 116 51
116 115 26
115 120 40
120 121 51
121 114 40
114 103 148
103 102 26
102 101 56
101 92 25
92 93 26
93 100 25
100 94 35
94 95 51
95 89 36
89 88 26
88 96 36
96 97 26
97 87 26
87 82 25
82 73 26
73 69 58
69 72 22
72 71 25
71 83 36
83 86 25
86 98 26
98 99 76
99 85 36
85 84 35
84 70 36
70 67 80
67 54 57
54 41 80
41 42 25
42 66 92
66 68 101
68 57 25
57 56 26
56 59 104
59 58 25
58 60 101
60 53 26
53 55 101
55 43 35
43 40 194
40 12 180
12 11 25
11 10 25
10 9 26
9 8 25
8 7 51
7 4 353
4 5 76
5 6 76
6 1 51
1 2 76
2 3 76
3 39 474
39 13 153
13 14 36
14 15 102
15 16 26
16 17 152
17 18 51
18 19 76
19 22 163
22 21 51
21 23 57
23 20 35
20 24 50
24 25 36
25 34 80
34 50 80
50 65 161
65 51 114
51 46 35
46 45 50
45 44 77
44 36 57
36 27 92
27 28 51
28 37 92
37 30 35

