198
171 165 150
165 164 25
164 163 77
163 162 50
162 150 57
150 149 51
149 161 71
161 160 26
160 159 44
159 158 108
158 157 51
157 156 25
156 155 26
155 154 25
154 153 26
153 138 166
138 137 115
137 128 188
128 132 56
132 129 26
129 130 26
130 131 26
131 133 25
133 139 26
139 141 25
141 146 25
146 147 26
147 152 25
152 151 26
151 148 25
148 145 26
145 142 25
142 140 25
140 134 26
134 135 25
135 144 76
144 143 35
143 136 71
136 170 161
170 127 114
127 126 60
126 169 26
169 125 68
125 124 38
124 168 26
168 123 80
123 122 115
122 120 85
120 121 51
121 114 40
114 115 25
115 116 26
116 117 51
117 118 25
118 119 25
119 107 130
107 108 37
108 109 25
109 110 25
110 106 37
106 105 25
105 111 26
111 112 26
112 113 25
113 104 36
104 103 51
103 102 26
102 101 56
101 92 25
92 79 71
79 90 25
90 91 26
91 78 25
78 62 76
62 48 37
48 47 35
47 49 35
49 198 2092
198 1 1138
1 6 51
6 5 76
5 2 51
2 3 76
3 4 51
4 7 353
7 8 51
8 9 25
9 10 26
10 11 25
11 12 25
12 22 501
22 21 51
21 26 80
26 25 26
25 24 36
24 23 35
23 20 35
20 19 102
19 18 76
18 17 51
17 16 152
16 15 26
15 14 102
14 13 36
13 39 153
39 40 102
40 42 148
42 41 25
41 56 35
56 57 26
57 68 25
68 70 25
70 84 36
84 85 35
85 99 36
99 98 76
98 86 26
86 83 25
83 71 36
71 67 25
67 72 35
72 69 22
69 66 23
66 59 25
59 58 25
58 55 26
55 54 25
54 43 25
43 37 72
37 30 35
30 31 26
31 36 25
36 44 57
44 53 25
53 60 26
60 65 25
65 73 25
73 82 26
82 87 25
87 97 26
97 96 26
96 81 51
81 88 35
88 89 26
89 95 36
95 94 51
94 100 35
100 93 25
93 80 72
80 74 80
74 61 50
61 52 26
52 45 36
45 51 35
51 46 35
46 35 92
35 29 51
29 28 35
28 27 51
27 32 51
32 33 25
33 38 56
38 34 57
34 50 80
50 64 72
64 75 57
75 76 25
76 77 26
77 63 25
63 166 407
166 167 127
167 181 1468
181 182 95
182 180 25
180 176 37
176 174 62
174 175 73
175 172 76
172 173 73
173 197 227
197 196 76
196 195 76
195 194 76
194 193 106
193 178 25
178 177 51
177 179 26
179 183 25
183 184 51
184 186 149
186 185 76
185 192 76
192 191 76
191 190 224
190 187 76
187 188 76
188 189 76
189 171 1381

