198
173 172 73
172 175 76
175 176 97
176 180 37
180 182 25
182 181 95
181 167 1468
167 166 127
166 107 148
107 108 37
108 109 25
109 110 25
110 106 37
106 105 25
105 111 26
111 112 26
112 113 25
113 104 36
104 91 92
91 78 25
78 90 36
90 79 25
79 62 80
62 48 37
48 47 35
47 49 35
49 50 51
50 46 36
46 51 35
51 45 35
45 52 36
52 53 51
53 60 26
60 54 80
54 43 25
43 44 76
44 36 57
36 35 25
35 32 36
32 33 25
33 38 56
38 34 57
34 26 92
26 25 26
25 24 36
24 23 35
23 20 35
20 19 102
19 18 76
18 17 51
17 22 102
22 21 51
21 27 80
27 29 36
29 28 35
28 31 51
31 30 26
30 37 35
37 13 148
13 14 36
14 16 105
16 15 26
15 39 180
39 40 102
40 3 511
3 2 76
2 1 76
1 6 51
6 5 76
5 4 76
4 7 353
7 8 51
8 9 25
9 10 26
10 11 25
11 12 25
12 70 210
70 68 25
68 57 25
57 56 26
56 41 35
41 42 25
42 55 36
55 58 26
58 59 25
59 67 35
67 71 25
71 84 57
84 85 35
85 99 36
99 98 76
98 86 26
86 83 25
83 72 26
72 66 25
66 69 23
69 65 58
65 73 25
73 82 26
82 87 25
87 97 26
97 96 26
96 81 51
81 74 36
74 61 50
61 64 57
64 75 57
75 63 57
63 77 25
77 76 26
76 80 57
80 89 56
89 88 26
88 95 57
95 94 51
94 100 35
100 93 25
93 92 26
92 101 25
101 102 56
102 103 26
103 114 148
114 121 40
121 120 51
120 115 40
115 116 26
116 117 51
117 118 25
118 119 25
119 122 86
122 138 114
138 153 166
153 154 26
154 155 25
155 156 26
156 157 25
157 158 51
158 159 108
159 147 67
147 152 25
152 160 26
160 161 26
161 151 26
151 148 25
148 145 26
145 146 26
146 141 25
141 142 26
142 140 25
140 135 36
135 143 57
143 144 35
144 149 36
149 150 51
150 162 57
162 163 50
163 164 77
164 165 25
165 171 150
171 136 114
136 128 88
128 129 50
129 130 26
130 131 26
131 132 26
132 134 25
134 133 26
133 139 26
139 137 102
137 123 114
123 168 80
168 124 26
124 125 38
125 126 63
126 169 26
169 127 65
127 170 114
170 189 1347
189 188 76
188 187 76
187 190 76
190 191 224
191 186 76
186 185 76
185 192 76
192 198 2.61574e+08
198 195 2.61574e+08
195 196 76
196 197 76
197 194 76
194 193 106
193 178 25
178 184 51
184 183 51
183 179 25
179 177 26
177 174 99
174 173 76

