198
143 144 35
144 145 25
145 148 26
148 147 26
147 152 25
152 151 26
151 161 26
161 160 26
160 159 44
159 158 108
158 157 51
157 156 25
156 155 26
155 154 25
154 153 26
153 138 166
138 122 114
122 119 86
119 118 25
118 117 25
117 116 51
116 115 26
115 120 40
120 121 51
121 114 40
114 103 148
103 102 26
102 101 56
101 92 25
92 100 36
100 93 25
93 94 25
94 95 51
95 89 36
89 88 26
88 96 36
96 97 26
97 87 26
87 81 36
81 82 26
82 83 76
83 86 25
86 98 26
98 99 76
99 85 36
85 84 35
84 71 57
71 72 25
72 67 35
67 58 25
58 55 26
55 54 25
54 59 26
59 66 25
66 69 23
69 73 58
73 65 25
65 60 25
60 53 26
53 44 25
44 43 76
43 42 51
42 41 25
41 56 35
56 57 26
57 68 25
68 70 25
70 40 193
40 12 180
12 11 25
11 10 25
10 9 26
9 8 25
8 7 51
7 5 397
5 6 76
6 1 51
1 2 76
2 3 76
3 4 51
4 39 463
39 13 153
13 14 36
14 15 102
15 16 26
16 17 152
17 18 51
18 19 76
19 20 102
20 23 35
23 21 57
21 22 51
22 27 80
27 28 51
28 29 35
29 31 36
31 30 26
30 37 35
37 36 51
36 35 25
35 32 36
32 33 25
33 26 57
26 25 26
25 24 36
24 34 102
34 38 57
38 46 26
46 50 36
50 51 51
51 45 35
45 52 36
52 61 26
61 74 50
74 64 57
64 80 57
80 75 37
75 76 25
76 77 26
77 63 25
63 49 51
49 47 35
47 48 35
48 62 37
62 79 80
79 90 25
90 78 36
78 91 25
91 104 92
104 113 36
113 112 25
112 111 26
111 105 26
105 106 25
106 110 37
110 109 25
109 108 25
108 107 37
107 166 148
166 167 127
167 181 1468
181 182 95
182 180 25
180 176 37
176 174 62
174 175 73
175 172 76
172 173 73
173 177 158
177 179 26
179 183 25
183 184 51
184 178 51
178 193 25
193 194 106
194 195 76
195 197 107
197 196 76
196 198 2.61574e+08
198 192 2.61574e+08
192 191 76
191 185 107
185 186 76
186 187 224
187 188 76
188 190 107
190 189 76
189 170 1347
170 127 114
127 169 65
169 126 26
126 128 50
128 132 56
132 135 35
135 134 25
134 133 26
133 131 25
131 130 26
130 129 26
129 125 52
125 124 38
124 168 26
168 123 80
123 137 114
137 146 119
146 141 25
141 139 25
139 140 26
140 142 25
142 149 71
149 150 51
150 162 57
162 163 50
163 164 77
164 165 25
165 171 150
171 136 114
136 143 71

