198
161 160 26
160 159 44
159 158 108
158 157 51
157 156 25
156 155 26
155 154 25
154 153 26
153 138 166
138 137 115
137 131 108
131 133 25
133 139 26
139 141 25
141 146 25
146 142 36
142 140 25
140 135 36
135 134 25
134 132 25
132 128 56
128 129 50
129 130 26
130 125 52
125 124 38
124 168 26
168 123 80
123 122 115
122 119 86
119 118 25
118 117 25
117 116 51
116 115 26
115 120 40
120 121 51
121 114 40
114 103 148
103 102 26
102 101 56
101 92 25
92 93 26
93 100 25
100 94 35
94 95 51
95 89 36
89 88 26
88 96 36
96 97 26
97 87 26
87 82 25
82 81 26
81 74 36
74 61 50
61 52 26
52 45 36
45 35 57
35 36 25
36 31 25
31 30 26
30 37 35
37 44 57
44 53 25
53 60 26
60 65 25
65 73 25
73 69 58
69 72 22
72 66 25
66 59 25
59 54 26
54 43 25
43 42 51
42 41 25
41 55 57
55 58 26
58 67 25
67 71 25
71 83 36
83 86 25
86 98 26
98 99 76
99 85 36
85 84 35
84 70 36
70 68 25
68 57 25
57 56 26
56 40 127
40 12 180
12 11 25
11 10 25
10 9 26
9 8 25
8 7 51
7 4 353
4 5 76
5 6 76
6 1 51
1 2 76
2 3 76
3 39 474
39 13 153
13 14 36
14 15 102
15 16 26
16 17 152
17 18 51
18 19 76
19 20 102
20 23 35
23 21 57
21 22 51
22 28 80
28 29 35
29 32 37
32 33 25
33 27 57
27 26 50
26 25 26
25 24 36
24 34 102
34 38 57
38 46 26
46 51 35
51 64 51
64 80 57
80 75 37
75 76 25
76 77 26
77 63 25
63 50 72
50 49 51
49 47 35
47 48 35
48 62 37
62 79 80
79 90 25
90 78 36
78 91 25
91 104 92
104 113 36
113 112 25
112 111 26
111 105 26
105 106 25
106 110 37
110 109 25
109 108 25
108 107 37
107 166 148
166 167 127
167 169 306
169 126 26
126 127 60
127 170 114
170 181 1364
181 182 95
182 180 25
180 176 37
176 174 62
174 175 73
175 172 76
172 173 73
173 177 158
177 179 26
179 183 25
183 184 51
184 178 51
178 193 25
193 194 106
194 197 76
197 196 76
196 195 76
195 198 2.61574e+08
198 185 2.61574e+08
185 192 76
192 191 76
191 186 76
186 187 224
187 188 76
188 190 107
190 189 76
189 171 1381
171 165 150
165 164 25
164 163 77
163 162 50
162 150 57
150 136 89
136 143 71
143 149 51
149 144 36
144 145 25
145 148 26
148 147 26
147 152 25
152 151 26
151 161 26

