198
71 67 25
67 58 25
58 55 26
55 43 35
43 54 25
54 59 26
59 66 25
66 69 23
69 60 69
60 53 26
53 44 25
44 37 57
37 30 35
30 31 26
31 36 25
36 35 25
35 45 57
45 52 36
52 61 26
61 65 57
65 73 25
73 82 26
82 87 25
87 97 26
97 96 26
96 88 36
88 81 35
81 74 36
74 89 57
89 95 36
95 94 51
94 93 25
93 100 25
100 101 26
101 92 25
92 90 56
90 79 25
79 78 26
78 91 25
91 102 80
102 103 26
103 104 51
104 113 36
113 112 25
112 111 26
111 105 26
105 106 25
106 110 37
110 109 25
109 108 25
108 107 37
107 119 130
119 118 25
118 117 25
117 116 51
116 115 26
115 114 25
114 121 40
121 120 51
120 122 85
122 138 114
138 153 166
153 154 26
154 155 25
155 156 26
156 157 25
157 158 51
158 159 108
159 160 44
160 161 26
161 151 26
151 152 26
152 147 25
147 146 26
146 141 25
141 139 25
139 140 26
140 142 25
142 145 25
145 148 26
148 149 50
149 144 36
144 143 35
143 135 57
135 134 25
134 132 25
132 131 26
131 133 25
133 137 102
137 123 114
123 168 80
168 124 26
124 125 38
125 130 52
130 129 26
129 128 50
128 126 50
126 169 26
169 127 65
127 170 114
170 171 114
171 136 114
136 150 89
150 162 57
162 163 50
163 164 77
164 165 25
165 189 1384
189 190 76
190 187 76
187 191 237
191 186 76
186 185 76
185 192 76
192 198 2.61574e+08
198 195 2.61574e+08
195 196 76
196 197 76
197 194 76
194 193 106
193 178 25
178 184 51
184 183 51
183 179 25
179 177 26
177 174 99
174 173 76
173 172 73
172 175 76
175 176 97
176 180 37
180 182 25
182 188 121
188 181 121
181 167 1468
167 166 127
166 62 334
62 48 37
48 47 35
47 49 35
49 63 51
63 77 25
77 76 26
76 75 25
75 80 37
80 64 57
64 51 51
51 50 51
50 46 36
46 38 26
38 34 57
34 33 80
33 32 25
32 29 37
29 28 35
28 22 80
22 21 51
21 27 80
27 26 50
26 25 26
25 24 36
24 23 35
23 20 35
20 19 102
19 18 76
18 17 51
17 16 152
16 15 26
15 14 102
14 13 36
13 39 153
39 3 474
3 2 76
2 1 76
1 6 51
6 5 76
5 4 76
4 7 353
7 8 51
8 9 25
9 10 26
10 11 25
11 12 25
12 40 180
40 42 148
42 41 25
41 56 35
56 57 26
57 68 25
68 70 25
70 84 36
84 85 35
85 99 36
99 98 76
98 86 26
86 83 25
83 72 26
72 71 25

