198
87 82 25
82 81 26
81 74 36
74 73 51
73 65 25
65 60 25
60 53 26
53 44 25
44 69 106
69 66 23
66 59 25
59 58 25
58 67 25
67 71 25
71 72 25
72 83 26
83 86 25
86 98 26
98 99 76
99 85 36
85 84 35
84 70 36
70 68 25
68 57 25
57 56 26
56 12 206
12 11 25
11 10 25
10 9 26
9 8 25
8 7 51
7 4 353
4 5 76
5 6 76
6 1 51
1 2 76
2 3 76
3 39 474
39 40 102
40 41 127
41 42 25
42 55 36
55 54 25
54 43 25
43 37 72
37 30 35
30 28 57
28 13 137
13 14 36
14 15 102
15 16 26
16 17 152
17 18 51
18 19 76
19 20 102
20 23 35
23 24 35
24 25 36
25 21 92
21 22 51
22 27 80
27 29 36
29 31 36
31 36 25
36 35 25
35 32 36
32 33 25
33 26 57
26 34 92
34 38 57
38 45 56
45 51 35
51 46 35
46 50 36
50 49 51
49 47 35
47 48 35
48 62 37
62 166 334
166 167 127
167 181 1468
181 182 95
182 180 25
180 176 37
176 175 97
175 172 76
172 173 73
173 174 76
174 177 99
177 179 26
179 183 25
183 184 51
184 178 51
178 193 25
193 194 106
194 197 76
197 196 76
196 195 76
195 198 2.61574e+08
198 192 2.61574e+08
192 185 76
185 186 76
186 191 76
191 187 237
187 188 76
188 190 107
190 189 76
189 170 1347
170 127 114
127 126 60
126 169 26
169 125 68
125 124 38
124 168 26
168 123 80
123 130 113
130 131 26
131 129 37
129 128 50
128 136 88
136 150 89
150 171 152
171 165 150
165 164 25
164 163 77
163 162 50
162 149 92
149 143 51
143 144 35
144 145 25
145 142 25
142 140 25
140 135 36
135 134 25
134 132 25
132 133 36
133 139 26
139 141 25
141 146 25
146 147 26
147 152 25
152 148 36
148 151 25
151 161 26
161 160 26
160 159 44
159 158 108
158 157 51
157 156 25
156 155 26
155 154 25
154 153 26
153 138 166
138 137 115
137 122 162
122 120 85
120 121 51
121 114 40
114 115 25
115 116 26
116 117 51
117 118 25
118 119 25
119 107 130
107 108 37
108 109 25
109 110 25
110 106 37
106 105 25
105 111 26
111 112 26
112 113 25
113 104 36
104 103 51
103 102 26
102 90 76
90 91 26
91 78 25
78 79 26
79 77 56
77 63 25
63 76 36
76 75 25
75 64 57
64 52 72
52 61 26
61 80 107
80 93 72
93 92 26
92 101 25
101 100 26
100 94 35
94 95 51
95 89 36
89 88 26
88 96 36
96 97 26
97 87 26

