198
152 160 26
160 161 26
161 151 26
151 149 56
149 150 51
150 162 57
162 163 50
163 164 77
164 165 25
165 171 150
171 136 114
136 143 71
143 144 35
144 145 25
145 148 26
148 147 26
147 146 26
146 141 25
141 139 25
139 142 36
142 140 25
140 135 36
135 134 25
134 133 26
133 131 25
131 132 26
132 129 26
129 130 26
130 124 56
124 168 26
168 125 46
125 128 80
128 126 50
126 169 26
169 127 65
127 170 114
170 189 1347
189 188 76
188 187 76
187 190 76
190 191 224
191 186 76
186 185 76
185 192 76
192 198 2.61574e+08
198 195 2.61574e+08
195 196 76
196 197 76
197 194 76
194 193 106
193 178 25
178 184 51
184 183 51
183 179 25
179 177 26
177 174 99
174 173 76
173 172 73
172 175 76
175 176 97
176 180 37
180 182 25
182 181 95
181 167 1468
167 166 127
166 107 148
107 108 37
108 109 25
109 110 25
110 106 37
106 105 25
105 111 26
111 112 26
112 113 25
113 104 36
104 91 92
91 90 26
90 79 25
79 78 26
78 62 76
62 48 37
48 47 35
47 49 35
49 63 51
63 77 25
77 76 26
76 75 25
75 80 37
80 64 57
64 51 51
51 45 35
45 35 57
35 32 36
32 33 25
33 38 56
38 46 26
46 50 36
50 34 80
34 25 80
25 26 26
26 21 80
21 23 57
23 24 35
24 20 50
20 19 102
19 18 76
18 17 51
17 16 152
16 15 26
15 4 586
4 3 51
3 2 76
2 1 76
1 6 51
6 5 76
5 7 397
7 8 51
8 9 25
9 10 26
10 11 25
11 12 25
12 40 180
40 39 102
39 14 129
14 13 36
13 22 154
22 27 80
27 28 51
28 29 35
29 31 36
31 36 25
36 30 36
30 37 35
37 43 72
43 54 25
54 55 25
55 42 36
42 41 25
41 56 35
56 57 26
57 68 25
68 70 25
70 84 36
84 85 35
85 99 36
99 98 76
98 86 26
86 83 25
83 72 26
72 71 25
71 67 25
67 58 25
58 59 25
59 66 25
66 69 23
69 73 58
73 65 25
65 60 25
60 53 26
53 44 25
44 52 57
52 61 26
61 74 50
74 81 36
81 82 26
82 87 25
87 97 26
97 96 26
96 88 36
88 89 26
89 95 36
95 94 51
94 93 25
93 100 25
100 92 36
92 101 25
101 102 56
102 103 26
103 114 148
114 121 40
121 120 51
120 115 40
115 116 26
116 117 51
117 118 25
118 119 25
119 122 86
122 123 115
123 137 114
137 138 115
138 153 166
153 154 26
154 155 25
155 156 26
156 157 25
157 158 51
158 159 108
159 152 51

