198
53 44 25
44 80 180
80 77 81
77 175 2058
175 184 231
184 191 212
191 192 76
192 185 76
185 186 76
186 194 224
194 195 76
195 196 76
196 197 76
197 193 150
193 178 25
178 177 51
177 179 26
179 183 25
183 190 201
190 189 76
189 187 107
187 188 76
188 181 121
181 182 95
182 180 25
180 176 37
176 174 62
174 173 76
173 172 73
172 166 1675
166 167 127
167 123 364
123 153 326
153 154 26
154 155 25
155 156 26
156 157 25
157 158 51
158 159 108
159 160 44
160 161 26
161 124 259
124 168 26
168 125 46
125 136 168
136 150 89
150 162 57
162 163 50
163 164 77
164 165 25
165 171 150
171 170 114
170 127 114
127 169 65
169 126 26
126 128 50
128 135 57
135 140 36
140 142 25
142 145 25
145 144 25
144 143 35
143 149 51
149 148 50
148 151 25
151 152 26
152 147 25
147 146 26
146 141 25
141 139 25
139 134 37
134 132 25
132 129 26
129 130 26
130 131 26
131 133 25
133 137 102
137 138 115
138 122 114
122 120 85
120 121 51
121 114 40
114 115 25
115 116 26
116 117 51
117 118 25
118 119 25
119 107 130
107 108 37
108 109 25
109 110 25
110 106 37
106 105 25
105 111 26
111 112 26
112 113 25
113 104 36
104 103 51
103 102 26
102 91 80
91 78 25
78 79 26
79 90 25
90 92 56
92 101 25
101 100 26
100 93 25
93 94 25
94 95 51
95 89 36
89 88 26
88 96 36
96 97 26
97 87 26
87 82 25
82 73 26
73 65 25
65 63 204
63 62 80
62 48 37
48 47 35
47 49 35
49 34 80
34 27 126
27 76 249
76 75 25
75 64 57
64 74 57
74 81 36
81 61 80
61 52 26
52 45 36
45 51 35
51 50 51
50 46 36
46 38 26
38 33 56
33 32 25
32 35 36
35 36 25
36 31 25
31 29 36
29 28 35
28 30 57
30 37 35
37 43 72
43 12 309
12 11 25
11 10 25
10 9 26
9 8 25
8 7 51
7 4 353
4 3 51
3 2 76
2 5 51
5 6 76
6 1 51
1 198 1138
198 17 1772
17 18 51
18 19 76
19 20 102
20 23 35
23 24 35
24 25 36
25 26 26
26 21 80
21 22 51
22 16 183
16 15 26
15 14 102
14 13 36
13 39 153
39 40 102
40 42 148
42 41 25
41 56 35
56 57 26
57 68 25
68 70 25
70 84 36
84 85 35
85 99 36
99 98 76
98 86 26
86 83 25
83 71 36
71 67 25
67 72 35
72 69 22
69 66 23
66 59 25
59 58 25
58 55 26
55 54 25
54 60 80
60 53 26

