198
134 132 25
132 129 26
129 128 50
128 126 50
126 169 26
169 127 65
127 170 114
170 189 1347
189 190 76
190 187 76
187 188 76
188 182 121
182 180 25
180 176 37
176 179 80
179 183 25
183 184 51
184 186 149
186 191 76
191 192 76
192 185 76
185 198 2.61574e+08
198 196 2.61574e+08
196 197 76
197 195 107
195 194 76
194 193 106
193 178 25
178 177 51
177 174 99
174 173 76
173 172 73
172 175 76
175 181 122
181 167 1468
167 166 127
166 107 148
107 108 37
108 109 25
109 110 25
110 106 37
106 105 25
105 111 26
111 112 26
112 113 25
113 104 36
104 103 51
103 92 91
92 93 26
93 94 25
94 89 80
89 88 26
88 81 35
81 74 36
74 65 57
65 60 25
60 53 26
53 44 25
44 36 57
36 37 51
37 30 35
30 31 26
31 35 35
35 38 80
38 46 26
46 50 36
50 51 51
51 45 35
45 52 36
52 61 26
61 64 57
64 80 57
80 75 37
75 76 25
76 63 36
63 77 25
77 79 56
79 90 25
90 91 26
91 78 25
78 62 76
62 48 37
48 47 35
47 49 35
49 34 80
34 33 80
33 32 25
32 29 37
29 28 35
28 27 51
27 22 80
22 21 51
21 26 80
26 25 26
25 24 36
24 23 35
23 20 35
20 19 102
19 18 76
18 17 51
17 16 152
16 15 26
15 14 102
14 13 36
13 41 185
41 40 127
40 39 102
39 3 474
3 2 76
2 1 76
1 6 51
6 5 76
5 4 76
4 7 353
7 8 51
8 9 25
9 10 26
10 11 25
11 12 25
12 85 228
85 99 36
99 98 76
98 86 26
86 83 25
83 72 26
72 71 25
71 84 57
84 70 36
70 68 25
68 57 25
57 56 26
56 42 56
42 55 36
55 43 35
43 54 25
54 59 26
59 58 25
58 67 25
67 66 25
66 69 23
69 73 58
73 82 26
82 87 25
87 97 26
97 96 26
96 95 76
95 100 80
100 101 26
101 102 56
102 121 187
121 114 40
114 115 25
115 120 40
120 116 40
116 117 51
117 118 25
118 119 25
119 122 86
122 138 114
138 153 166
153 154 26
154 155 25
155 156 26
156 157 25
157 158 51
158 137 149
137 123 114
123 168 80
168 124 26
124 125 38
125 130 52
130 131 26
131 133 25
133 139 26
139 141 25
141 146 25
146 147 26
147 152 25
152 159 51
159 160 44
160 161 26
161 151 26
151 148 25
148 149 50
149 150 51
150 162 57
162 163 50
163 164 77
164 165 25
165 171 150
171 136 114
136 143 71
143 144 35
144 145 25
145 142 25
142 140 25
140 135 36
135 134 25

