198
77 79 56
79 90 25
90 91 26
91 78 25
78 62 76
62 48 37
48 47 35
47 49 35
49 34 80
34 38 57
38 45 56
45 51 35
51 46 35
46 50 36
50 64 72
64 61 57
61 52 26
52 53 51
53 60 26
60 65 25
65 73 25
73 69 58
69 66 23
66 72 25
72 83 26
83 71 36
71 67 25
67 58 25
58 59 25
59 54 26
54 55 25
55 41 57
41 42 25
42 43 51
43 44 76
44 37 57
37 36 51
36 31 25
31 30 26
30 28 57
28 22 80
22 21 51
21 27 80
27 29 36
29 35 51
35 32 36
32 33 25
33 26 57
26 25 26
25 24 36
24 23 35
23 20 35
20 19 102
19 18 76
18 17 51
17 16 152
16 15 26
15 14 102
14 13 36
13 39 153
39 3 474
3 2 76
2 1 76
1 6 51
6 5 76
5 4 76
4 7 353
7 8 51
8 9 25
9 10 26
10 11 25
11 12 25
12 40 180
40 56 127
56 57 26
57 68 25
68 70 25
70 84 36
84 85 35
85 99 36
99 98 76
98 86 26
86 82 80
82 87 25
87 97 26
97 96 26
96 88 36
88 81 35
81 74 36
74 89 57
89 95 36
95 94 51
94 100 35
100 101 26
101 121 235
121 114 40
114 115 25
115 116 26
116 120 40
120 122 85
122 117 78
117 118 25
118 119 25
119 123 109
123 168 80
168 124 26
124 125 38
125 126 63
126 169 26
169 127 65
127 128 78
128 129 50
129 130 26
130 131 26
131 132 26
132 135 35
135 134 25
134 133 26
133 137 102
137 138 115
138 153 166
153 154 26
154 155 25
155 156 26
156 157 25
157 158 51
158 159 108
159 160 44
160 161 26
161 151 26
151 152 26
152 147 25
147 148 26
148 145 26
145 146 26
146 141 25
141 139 25
139 140 26
140 142 25
142 144 35
144 149 36
149 143 51
143 136 71
136 150 89
150 162 57
162 163 50
163 164 77
164 165 25
165 171 150
171 170 114
170 188 1369
188 189 76
189 190 76
190 187 76
187 183 133
183 179 25
179 177 26
177 193 57
193 178 25
178 184 51
184 186 149
186 191 76
191 192 76
192 185 76
185 198 2.61574e+08
198 196 2.61574e+08
196 195 76
195 194 76
194 197 76
197 173 227
173 172 73
172 175 76
175 174 73
174 176 62
176 180 37
180 182 25
182 181 95
181 167 1468
167 166 127
166 107 148
107 108 37
108 109 25
109 110 25
110 106 37
106 105 25
105 111 26
111 112 26
112 113 25
113 104 36
104 103 51
103 102 26
102 92 71
92 93 26
93 80 72
80 75 37
75 76 25
76 63 36
63 77 25

