198
121 114 40
114 103 148
103 102 26
102 101 56
101 92 25
92 100 36
100 93 25
93 94 25
94 80 57
80 95 57
95 89 36
89 88 26
88 96 36
96 97 26
97 87 26
87 82 25
82 81 26
81 74 36
74 73 51
73 65 25
65 60 25
60 54 80
54 59 26
59 69 42
69 66 23
66 58 35
58 67 25
67 71 25
71 72 25
72 83 26
83 86 25
86 98 26
98 99 76
99 85 36
85 84 35
84 70 36
70 68 25
68 57 25
57 56 26
56 12 206
12 11 25
11 10 25
10 9 26
9 8 25
8 7 51
7 4 353
4 5 76
5 6 76
6 1 51
1 2 76
2 3 76
3 39 474
39 40 102
40 41 127
41 42 25
42 55 36
55 43 35
43 44 76
44 53 25
53 61 57
61 64 57
64 51 51
51 52 51
52 45 36
45 38 56
38 33 56
33 32 25
32 35 36
35 36 25
36 31 25
31 30 26
30 37 35
37 13 148
13 14 36
14 15 102
15 16 26
16 17 152
17 18 51
18 19 76
19 20 102
20 24 50
24 23 35
23 21 57
21 22 51
22 28 80
28 29 35
29 27 36
27 26 50
26 25 26
25 34 80
34 46 72
46 50 36
50 75 76
75 76 25
76 77 26
77 63 25
63 49 51
49 47 35
47 48 35
48 62 37
62 78 76
78 79 26
79 90 25
90 91 26
91 104 92
104 113 36
113 112 25
112 111 26
111 105 26
105 106 25
106 110 37
110 109 25
109 108 25
108 107 37
107 166 148
166 167 127
167 181 1468
181 175 122
175 172 76
172 173 73
173 174 76
174 176 62
176 180 37
180 182 25
182 179 105
179 177 26
177 178 51
178 193 25
193 194 106
194 197 76
197 196 76
196 195 76
195 198 2.61574e+08
198 185 2.61574e+08
185 192 76
192 191 76
191 186 76
186 184 149
184 183 51
183 187 133
187 190 76
190 189 76
189 188 76
188 170 1369
170 127 114
127 126 60
126 169 26
169 125 68
125 168 46
168 123 80
123 124 76
124 130 56
130 129 26
129 132 26
132 134 25
134 135 25
135 128 57
128 136 88
136 143 71
143 142 50
142 140 25
140 139 26
139 133 26
133 131 25
131 137 108
137 141 108
141 145 36
145 144 25
144 150 80
150 171 152
171 165 150
165 164 25
164 163 77
163 162 50
162 149 92
149 151 56
151 148 25
148 146 37
146 147 26
147 152 25
152 161 37
161 160 26
160 159 44
159 158 108
158 157 51
157 156 25
156 155 26
155 154 25
154 153 26
153 138 166
138 122 114
122 119 86
119 118 25
118 117 25
117 116 51
116 115 26
115 120 40
120 121 51

