198
148 151 25
151 161 26
161 160 26
160 152 26
152 141 76
141 146 25
146 132 104
132 140 51
140 125 128
125 129 52
129 128 50
128 169 76
169 127 65
127 126 60
126 147 217
147 137 135
137 168 159
168 159 281
159 158 108
158 157 51
157 156 25
156 155 26
155 154 25
154 153 26
153 138 166
138 122 114
122 120 85
120 116 40
116 115 26
115 114 25
114 121 40
121 103 177
103 102 26
102 101 56
101 92 25
92 100 36
100 93 25
93 94 25
94 95 51
95 89 36
89 88 26
88 96 36
96 97 26
97 87 26
87 82 25
82 73 26
73 81 37
81 74 36
74 61 50
61 52 26
52 53 51
53 60 26
60 65 25
65 69 58
69 66 23
66 59 25
59 54 26
54 43 25
43 42 51
42 55 36
55 58 26
58 67 25
67 71 25
71 72 25
72 83 26
83 86 25
86 98 26
98 99 76
99 85 36
85 84 35
84 70 36
70 68 25
68 57 25
57 56 26
56 41 35
41 12 235
12 11 25
11 10 25
10 9 26
9 8 25
8 7 51
7 5 397
5 6 76
6 1 51
1 2 76
2 3 76
3 4 51
4 40 490
40 39 102
39 15 180
15 16 26
16 14 105
14 13 36
13 28 137
28 29 35
29 31 36
31 30 26
30 37 35
37 44 57
44 36 57
36 35 25
35 32 36
32 33 25
33 27 57
27 21 80
21 22 51
22 17 102
17 18 51
18 19 76
19 20 102
20 23 35
23 24 35
24 25 36
25 26 26
26 34 92
34 47 72
47 48 35
48 62 37
62 49 80
49 50 51
50 46 36
46 38 26
38 45 56
45 51 35
51 64 51
64 80 57
80 75 37
75 76 25
76 63 36
63 77 25
77 79 56
79 90 25
90 78 36
78 91 25
91 104 92
104 113 36
113 112 25
112 111 26
111 105 26
105 106 25
106 110 37
110 109 25
109 166 199
166 167 127
167 107 239
107 108 37
108 117 113
117 118 25
118 119 25
119 123 109
123 124 76
124 130 56
130 131 26
131 144 113
144 145 25
145 133 80
133 134 26
134 135 25
135 136 86
136 143 71
143 171 178
171 170 114
170 181 1364
181 182 95
182 180 25
180 176 37
176 174 62
174 175 73
175 172 76
172 173 73
173 193 171
193 178 25
178 177 51
177 179 26
179 183 25
183 184 51
184 194 150
194 197 76
197 196 76
196 195 76
195 198 2.61574e+08
198 185 2.61574e+08
185 192 76
192 191 76
191 186 76
186 190 237
190 187 76
187 188 76
188 189 76
189 165 1384
165 164 25
164 163 77
163 162 50
162 150 57
150 149 51
149 142 71
142 139 36
139 148 80

