198
42 55 36
55 59 36
59 54 26
54 43 25
43 37 72
37 30 35
30 31 26
31 29 36
29 27 36
27 28 51
28 13 137
13 14 36
14 39 129
39 40 102
40 12 180
12 11 25
11 10 25
10 9 26
9 8 25
8 7 51
7 5 397
5 6 76
6 1 51
1 2 76
2 3 76
3 4 51
4 15 586
15 16 26
16 22 183
22 21 51
21 17 114
17 18 51
18 19 76
19 20 102
20 23 35
23 24 35
24 25 36
25 26 26
26 33 57
33 32 25
32 35 36
35 36 25
36 44 57
44 53 25
53 60 26
60 65 25
65 61 57
61 52 26
52 45 36
45 46 50
46 38 26
38 34 57
34 50 80
50 51 51
51 64 51
64 74 57
74 80 80
80 75 37
75 76 25
76 63 36
63 49 51
49 47 35
47 48 35
48 62 37
62 77 91
77 79 56
79 90 25
90 78 36
78 91 25
91 103 76
103 104 51
104 113 36
113 112 25
112 111 26
111 105 26
105 106 25
106 110 37
110 109 25
109 108 25
108 107 37
107 166 148
166 167 127
167 181 1468
181 182 95
182 180 25
180 176 37
176 175 97
175 172 76
172 173 73
173 174 76
174 177 99
177 179 26
179 183 25
183 184 51
184 178 51
178 193 25
193 194 106
194 197 76
197 196 76
196 195 76
195 198 2.61574e+08
198 192 2.61574e+08
192 185 76
185 186 76
186 191 76
191 190 224
190 187 76
187 188 76
188 189 76
189 170 1347
170 171 114
171 165 150
165 164 25
164 163 77
163 162 50
162 150 57
150 149 51
149 148 50
148 144 36
144 143 35
143 136 71
136 128 88
128 127 78
127 126 60
126 169 26
169 125 68
125 124 38
124 168 26
168 123 80
123 137 114
137 133 102
133 131 25
131 130 26
130 129 26
129 132 26
132 135 35
135 134 25
134 139 37
139 141 25
141 140 36
140 142 25
142 145 25
145 146 26
146 147 26
147 152 25
152 151 26
151 161 26
161 160 26
160 159 44
159 158 108
158 157 51
157 156 25
156 155 26
155 154 25
154 153 26
153 138 166
138 122 114
122 119 86
119 118 25
118 117 25
117 116 51
116 120 40
120 115 40
115 114 25
114 121 40
121 102 187
102 101 56
101 92 25
92 100 36
100 93 25
93 94 25
94 95 51
95 89 36
89 88 26
88 81 35
81 73 37
73 82 26
82 87 25
87 96 37
96 97 26
97 98 76
98 86 26
86 83 25
83 72 26
72 69 22
69 66 23
66 58 35
58 67 25
67 71 25
71 84 57
84 99 51
99 85 36
85 70 51
70 68 25
68 57 25
57 56 26
56 41 35
41 42 25

