198
176 182 57
182 180 25
180 183 105
183 186 187
186 191 76
191 192 76
192 185 76
185 198 2.61574e+08
198 195 2.61574e+08
195 196 76
196 197 76
197 194 76
194 174 227
174 173 76
173 172 73
172 175 76
175 181 122
181 167 1468
167 166 127
166 107 148
107 108 37
108 109 25
109 110 25
110 106 37
106 105 25
105 111 26
111 112 26
112 104 56
104 91 92
91 78 25
78 90 36
90 79 25
79 62 80
62 48 37
48 63 71
63 77 25
77 76 26
76 75 25
75 80 37
80 64 57
64 51 51
51 46 35
46 50 36
50 49 51
49 47 35
47 34 72
34 33 80
33 38 56
38 45 56
45 52 36
52 61 26
61 53 57
53 44 25
44 35 72
35 32 36
32 36 57
36 37 51
37 30 35
30 31 26
31 29 36
29 28 35
28 27 51
27 21 80
21 26 80
26 25 26
25 24 36
24 23 35
23 20 35
20 19 102
19 18 76
18 17 51
17 22 102
22 13 154
13 14 36
14 16 105
16 15 26
15 39 180
39 40 102
40 4 490
4 3 51
3 5 92
5 2 51
2 1 76
1 6 51
6 7 449
7 8 51
8 9 25
9 10 26
10 11 25
11 12 25
12 70 210
70 68 25
68 57 25
57 56 26
56 41 35
41 42 25
42 43 51
43 54 25
54 55 25
55 58 26
58 59 25
59 66 25
66 67 25
67 71 25
71 84 57
84 85 35
85 99 36
99 98 76
98 86 26
86 83 25
83 72 26
72 69 22
69 60 69
60 65 25
65 73 25
73 74 51
74 81 36
81 82 26
82 87 25
87 97 26
97 96 26
96 88 36
88 89 26
89 95 36
95 94 51
94 93 25
93 100 25
100 92 36
92 101 25
101 102 56
102 103 26
103 113 80
113 115 104
115 114 25
114 121 40
121 120 51
120 116 40
116 117 51
117 118 25
118 119 25
119 122 86
122 138 114
138 153 166
153 154 26
154 155 25
155 156 26
156 157 25
157 158 51
158 159 108
159 152 51
152 160 26
160 161 26
161 151 26
151 149 56
149 143 51
143 144 35
144 145 25
145 148 26
148 147 26
147 146 26
146 141 25
141 139 25
139 142 36
142 140 25
140 133 37
133 131 25
131 137 108
137 123 114
123 168 80
168 124 26
124 125 38
125 169 68
169 126 26
126 127 60
127 128 78
128 129 50
129 130 26
130 132 37
132 134 25
134 135 25
135 136 86
136 150 89
150 162 57
162 163 50
163 164 77
164 165 25
165 171 150
171 170 114
170 189 1347
189 190 76
190 188 107
188 187 76
187 184 167
184 178 51
178 193 25
193 179 72
179 177 26
177 176 76

