198
129 128 50
128 126 50
126 169 26
169 127 65
127 170 114
170 189 1347
189 190 76
190 187 76
187 188 76
188 182 121
182 180 25
180 176 37
176 179 80
179 183 25
183 184 51
184 186 149
186 191 76
191 192 76
192 185 76
185 198 2.61574e+08
198 195 2.61574e+08
195 196 76
196 197 76
197 194 76
194 193 106
193 178 25
178 177 51
177 174 99
174 173 76
173 172 73
172 175 76
175 181 122
181 167 1468
167 166 127
166 107 148
107 108 37
108 109 25
109 110 25
110 106 37
106 105 25
105 111 26
111 112 26
112 113 25
113 104 36
104 91 92
91 78 25
78 62 76
62 48 37
48 47 35
47 49 35
49 63 51
63 50 72
50 46 36
46 38 26
38 34 57
34 33 80
33 32 25
32 35 36
35 36 25
36 31 25
31 29 36
29 28 35
28 27 51
27 22 80
22 21 51
21 26 80
26 25 26
25 24 36
24 23 35
23 20 35
20 19 102
19 18 76
18 17 51
17 16 152
16 15 26
15 14 102
14 13 36
13 39 153
39 3 474
3 2 76
2 1 76
1 6 51
6 5 76
5 4 76
4 7 353
7 8 51
8 9 25
9 10 26
10 11 25
11 12 25
12 40 180
40 41 127
41 42 25
42 56 56
56 57 26
57 68 25
68 70 25
70 84 36
84 85 35
85 99 36
99 71 92
71 67 25
67 66 25
66 59 25
59 58 25
58 55 26
55 54 25
54 43 25
43 37 72
37 30 35
30 44 76
44 53 25
53 60 26
60 65 25
65 73 25
73 69 58
69 72 22
72 83 26
83 86 25
86 98 26
98 97 76
97 87 26
87 82 25
82 81 26
81 96 51
96 88 36
88 89 26
89 95 36
95 94 51
94 100 35
100 93 25
93 80 72
80 74 80
74 61 50
61 52 26
52 45 36
45 51 35
51 64 51
64 75 57
75 76 25
76 77 26
77 79 56
79 90 25
90 92 56
92 101 25
101 102 56
102 103 26
103 114 148
114 115 25
115 121 54
121 120 51
120 116 40
116 117 51
117 118 25
118 119 25
119 122 86
122 138 114
138 153 166
153 154 26
154 155 25
155 156 26
156 157 25
157 158 51
158 159 108
159 160 44
160 161 26
161 162 127
162 163 50
163 164 77
164 165 25
165 171 150
171 136 114
136 150 89
150 149 51
149 144 36
144 143 35
143 135 57
135 134 25
134 132 25
132 125 77
125 124 38
124 168 26
168 123 80
123 137 114
137 141 108
141 146 25
146 147 26
147 152 25
152 151 26
151 148 25
148 145 26
145 142 25
142 140 25
140 139 26
139 133 26
133 131 25
131 130 26
130 129 26

