198
17 18 51
18 19 76
19 175 2062
175 184 231
184 191 212
191 192 76
192 185 76
185 186 76
186 194 224
194 195 76
195 196 76
196 197 76
197 193 150
193 178 25
178 177 51
177 179 26
179 183 25
183 190 201
190 189 76
189 187 107
187 188 76
188 181 121
181 182 95
182 180 25
180 176 37
176 174 62
174 173 76
173 172 73
172 34 2074
34 53 194
53 44 25
44 30 76
30 37 35
37 43 72
43 54 25
54 55 25
55 12 281
12 11 25
11 10 25
10 9 26
9 8 25
8 7 51
7 4 353
4 3 51
3 2 76
2 5 51
5 6 76
6 1 51
1 198 1138
198 15 1627
15 16 26
16 21 227
21 20 76
20 23 35
23 24 35
24 25 36
25 26 26
26 27 50
27 29 36
29 28 35
28 31 51
31 36 25
36 35 25
35 32 36
32 33 25
33 38 56
38 46 26
46 51 35
51 45 35
45 52 36
52 61 26
61 64 57
64 80 57
80 75 37
75 76 25
76 77 26
77 63 25
63 50 72
50 49 51
49 47 35
47 48 35
48 62 37
62 166 334
166 167 127
167 123 364
123 153 326
153 154 26
154 155 25
155 156 26
156 157 25
157 158 51
158 159 108
159 160 44
160 161 26
161 124 259
124 168 26
168 125 46
125 136 168
136 150 89
150 162 57
162 163 50
163 164 77
164 165 25
165 171 150
171 170 114
170 127 114
127 169 65
169 126 26
126 128 50
128 135 57
135 140 36
140 142 25
142 145 25
145 144 25
144 143 35
143 149 51
149 148 50
148 151 25
151 152 26
152 147 25
147 146 26
146 141 25
141 139 25
139 134 37
134 132 25
132 129 26
129 130 26
130 131 26
131 133 25
133 137 102
137 138 115
138 122 114
122 120 85
120 121 51
121 114 40
114 115 25
115 116 26
116 117 51
117 118 25
118 119 25
119 107 130
107 108 37
108 109 25
109 110 25
110 106 37
106 105 25
105 111 26
111 112 26
112 113 25
113 104 36
104 103 51
103 102 26
102 91 80
91 78 25
78 79 26
79 90 25
90 92 56
92 101 25
101 100 26
100 93 25
93 94 25
94 95 51
95 89 36
89 88 26
88 96 36
96 97 26
97 87 26
87 82 25
82 81 26
81 74 36
74 60 71
60 65 25
65 73 25
73 59 91
59 58 25
58 67 25
67 66 25
66 69 23
69 72 22
72 71 25
71 83 36
83 86 25
86 98 26
98 99 76
99 85 36
85 84 35
84 70 36
70 68 25
68 57 25
57 56 26
56 41 35
41 42 25
42 40 148
40 39 102
39 14 129
14 13 36
13 22 154
22 17 102

