198
39 3 474
3 2 76
2 1 76
1 6 51
6 5 76
5 4 76
4 7 353
7 8 51
8 9 25
9 10 26
10 11 25
11 12 25
12 40 180
40 42 148
42 55 36
55 41 57
41 56 35
56 57 26
57 68 25
68 70 25
70 84 36
84 85 35
85 99 36
99 98 76
98 86 26
86 83 25
83 72 26
72 71 25
71 67 25
67 58 25
58 66 35
66 69 23
69 59 42
59 54 26
54 43 25
43 37 72
37 30 35
30 31 26
31 35 35
35 36 25
36 44 57
44 53 25
53 60 26
60 65 25
65 73 25
73 74 51
74 81 36
81 82 26
82 87 25
87 97 26
97 96 26
96 88 36
88 89 26
89 95 36
95 80 57
80 94 57
94 93 25
93 100 25
100 92 36
92 101 25
101 102 56
102 103 26
103 114 148
114 121 40
121 120 51
120 115 40
115 116 26
116 117 51
117 118 25
118 119 25
119 123 109
123 122 115
122 138 114
138 153 166
153 154 26
154 155 25
155 156 26
156 157 25
157 158 51
158 137 149
137 141 108
141 146 25
146 147 26
147 152 25
152 159 51
159 160 44
160 161 26
161 151 26
151 148 25
148 145 26
145 144 25
144 143 35
143 149 51
149 150 51
150 162 57
162 163 50
163 164 77
164 165 25
165 171 150
171 136 114
136 128 88
128 135 57
135 140 36
140 142 25
142 139 36
139 134 37
134 133 26
133 131 25
131 132 26
132 129 26
129 130 26
130 124 56
124 168 26
168 125 46
125 126 63
126 169 26
169 127 65
127 170 114
170 189 1347
189 190 76
190 191 224
191 192 76
192 186 107
186 185 76
185 198 2.61574e+08
198 195 2.61574e+08
195 196 76
196 197 76
197 194 76
194 193 106
193 178 25
178 184 51
184 179 57
179 177 26
177 176 76
176 174 62
174 173 76
173 172 73
172 175 76
175 181 122
181 180 98
180 182 25
182 183 102
183 187 133
187 188 76
188 167 1504
167 166 127
166 107 148
107 108 37
108 109 25
109 110 25
110 106 37
106 105 25
105 111 26
111 112 26
112 113 25
113 104 36
104 91 92
91 90 26
90 79 25
79 78 26
78 62 76
62 48 37
48 47 35
47 49 35
49 63 51
63 77 25
77 76 26
76 75 25
75 64 57
64 61 57
61 52 26
52 45 36
45 51 35
51 50 51
50 46 36
46 38 26
38 34 57
34 33 80
33 32 25
32 27 51
27 29 36
29 28 35
28 22 80
22 21 51
21 26 80
26 25 26
25 24 36
24 23 35
23 20 35
20 19 102
19 18 76
18 17 51
17 16 152
16 15 26
15 14 102
14 13 36
13 39 153

