198
36 35 25
35 32 36
32 33 25
33 19 241
19 189 2097
189 188 76
188 187 76
187 190 76
190 191 224
191 192 76
192 185 76
185 186 76
186 195 237
195 196 76
196 197 76
197 194 76
194 193 106
193 178 25
178 184 51
184 183 51
183 179 25
179 177 26
177 173 158
173 172 73
172 175 76
175 174 73
174 176 62
176 180 37
180 182 25
182 181 95
181 63 1995
63 77 25
77 76 26
76 75 25
75 80 37
80 64 57
64 6 1020
6 1 51
1 198 1138
198 17 1772
17 18 51
18 22 114
22 21 51
21 23 57
23 20 35
20 24 50
24 25 36
25 26 26
26 27 50
27 28 51
28 29 35
29 31 36
31 30 26
30 5 807
5 2 51
2 3 76
3 4 51
4 7 353
7 8 51
8 9 25
9 10 26
10 11 25
11 12 25
12 40 180
40 39 102
39 15 180
15 16 26
16 14 105
14 13 36
13 43 180
43 54 25
54 55 25
55 42 36
42 41 25
41 56 35
56 57 26
57 68 25
68 70 25
70 84 36
84 85 35
85 99 36
99 98 76
98 86 26
86 83 25
83 71 36
71 67 25
67 58 25
58 59 25
59 66 25
66 72 25
72 69 22
69 87 85
87 97 26
97 96 26
96 88 36
88 89 26
89 95 36
95 94 51
94 93 25
93 100 25
100 101 26
101 92 25
92 90 56
90 79 25
79 78 26
78 91 25
91 102 80
102 103 26
103 104 51
104 113 36
113 112 25
112 111 26
111 105 26
105 106 25
106 110 37
110 109 25
109 108 25
108 107 37
107 119 130
119 118 25
118 117 25
117 116 51
116 115 26
115 114 25
114 121 40
121 120 51
120 122 85
122 123 115
123 161 284
161 160 26
160 159 44
159 158 108
158 157 51
157 156 25
156 155 26
155 154 25
154 153 26
153 138 166
138 137 115
137 139 102
139 141 25
141 146 25
146 147 26
147 152 25
152 151 26
151 148 25
148 149 50
149 143 51
143 144 35
144 145 25
145 142 25
142 140 25
140 133 37
133 131 25
131 130 26
130 129 26
129 132 26
132 134 25
134 135 25
135 128 57
128 170 181
170 171 114
171 165 150
165 164 25
164 163 77
163 162 50
162 150 57
150 136 89
136 127 114
127 169 65
169 126 26
126 125 63
125 124 38
124 168 26
168 167 314
167 166 127
166 62 334
62 48 37
48 47 35
47 49 35
49 34 80
34 38 57
38 46 26
46 50 36
50 51 51
51 45 35
45 52 36
52 61 26
61 74 50
74 81 36
81 82 26
82 73 26
73 65 25
65 60 25
60 53 26
53 44 25
44 37 57
37 36 51

