198
72 69 22
69 60 69
60 65 25
65 73 25
73 82 26
82 81 26
81 74 36
74 64 57
64 75 57
75 51 92
51 45 35
45 52 36
52 61 26
61 53 57
53 44 25
44 36 57
36 35 25
35 31 35
31 30 26
30 37 35
37 43 72
43 54 25
54 55 25
55 42 36
42 41 25
41 56 35
56 57 26
57 68 25
68 70 25
70 12 210
12 11 25
11 10 25
10 9 26
9 8 25
8 7 51
7 4 353
4 5 76
5 6 76
6 1 51
1 2 76
2 3 76
3 40 511
40 39 102
39 15 180
15 16 26
16 14 105
14 13 36
13 22 154
22 21 51
21 17 114
17 18 51
18 19 76
19 20 102
20 23 35
23 24 35
24 25 36
25 26 26
26 27 50
27 28 51
28 29 35
29 32 37
32 33 25
33 34 80
34 38 57
38 46 26
46 50 36
50 47 80
47 48 35
48 62 37
62 49 80
49 63 51
63 76 36
76 77 26
77 79 56
79 90 25
90 78 36
78 91 25
91 104 92
104 112 56
112 111 26
111 105 26
105 106 25
106 110 37
110 109 25
109 108 25
108 107 37
107 166 148
166 167 127
167 181 1468
181 175 122
175 172 76
172 173 73
173 174 76
174 177 99
177 179 26
179 178 57
178 193 25
193 194 106
194 197 76
197 196 76
196 195 76
195 198 2.61574e+08
198 192 2.61574e+08
192 191 76
191 185 107
185 186 76
186 184 149
184 183 51
183 176 92
176 180 37
180 182 25
182 187 114
187 190 76
190 189 76
189 188 76
188 170 1369
170 171 114
171 165 150
165 164 25
164 163 77
163 162 50
162 150 57
150 149 51
149 143 51
143 136 71
136 127 114
127 169 65
169 126 26
126 128 50
128 135 57
135 134 25
134 132 25
132 129 26
129 125 52
125 168 46
168 123 80
123 124 76
124 130 56
130 131 26
131 133 25
133 140 37
140 139 26
139 141 25
141 142 26
142 144 35
144 145 25
145 148 26
148 151 25
151 161 26
161 160 26
160 159 44
159 152 51
152 147 25
147 146 26
146 137 119
137 158 149
158 157 51
157 156 25
156 155 26
155 154 25
154 153 26
153 138 166
138 122 114
122 119 86
119 118 25
118 117 25
117 116 51
116 120 40
120 121 51
121 114 40
114 115 25
115 113 104
113 103 80
103 102 26
102 101 56
101 92 25
92 100 36
100 93 25
93 94 25
94 80 57
80 95 57
95 89 36
89 88 26
88 96 36
96 97 26
97 87 26
87 83 80
83 86 25
86 98 26
98 99 76
99 85 36
85 84 35
84 71 57
71 67 25
67 58 25
58 59 25
59 66 25
66 72 25

