198
105 106 25
106 110 37
110 109 25
109 108 25
108 107 37
107 166 148
166 167 127
167 181 1468
181 182 95
182 180 25
180 176 37
176 175 97
175 172 76
172 173 73
173 174 76
174 177 99
177 179 26
179 183 25
183 184 51
184 178 51
178 193 25
193 194 106
194 197 76
197 196 76
196 195 76
195 198 2.61574e+08
198 192 2.61574e+08
192 185 76
185 186 76
186 191 76
191 190 224
190 187 76
187 188 76
188 189 76
189 170 1347
170 127 114
127 169 65
169 126 26
126 125 63
125 124 38
124 168 26
168 123 80
123 137 114
137 139 102
139 133 26
133 131 25
131 130 26
130 129 26
129 132 26
132 128 56
128 135 57
135 134 25
134 140 26
140 143 56
143 136 71
136 171 114
171 165 150
165 164 25
164 163 77
163 162 50
162 150 57
150 149 51
149 144 36
144 148 36
148 145 26
145 142 25
142 141 26
141 146 25
146 147 26
147 151 36
151 161 26
161 160 26
160 152 26
152 159 51
159 158 108
158 157 51
157 156 25
156 155 26
155 154 25
154 153 26
153 138 166
138 122 114
122 119 86
119 118 25
118 117 25
117 116 51
116 115 26
115 120 40
120 121 51
121 114 40
114 103 148
103 102 26
102 101 56
101 92 25
92 100 36
100 93 25
93 94 25
94 95 51
95 89 36
89 88 26
88 96 36
96 97 26
97 87 26
87 82 25
82 81 26
81 74 36
74 61 50
61 52 26
52 45 36
45 51 35
51 64 51
64 80 57
80 75 37
75 76 25
76 63 36
63 50 72
50 46 36
46 38 26
38 33 56
33 32 25
32 35 36
35 29 51
29 27 36
27 28 51
28 30 57
30 31 26
31 36 25
36 37 51
37 44 57
44 53 25
53 60 26
60 65 25
65 73 25
73 69 58
69 59 42
59 58 25
58 67 25
67 66 25
66 72 25
72 71 25
71 83 36
83 86 25
86 98 26
98 99 76
99 85 36
85 84 35
84 70 36
70 68 25
68 57 25
57 56 26
56 41 35
41 42 25
42 55 36
55 54 25
54 43 25
43 40 194
40 12 180
12 11 25
11 10 25
10 9 26
9 8 25
8 7 51
7 4 353
4 5 76
5 6 76
6 1 51
1 2 76
2 3 76
3 39 474
39 13 153
13 14 36
14 15 102
15 16 26
16 17 152
17 18 51
18 19 76
19 22 163
22 21 51
21 23 57
23 20 35
20 24 50
24 25 36
25 26 26
26 34 92
34 49 80
49 47 35
47 48 35
48 62 37
62 77 91
77 79 56
79 90 25
90 78 36
78 91 25
91 104 92
104 113 36
113 112 25
112 111 26
111 105 26

