198
93 94 25
94 95 51
95 89 36
89 88 26
88 96 36
96 97 26
97 87 26
87 82 25
82 81 26
81 74 36
74 60 71
60 65 25
65 73 25
73 98 108
98 86 26
86 83 25
83 71 36
71 67 25
67 66 25
66 72 25
72 69 22
69 59 42
59 58 25
58 54 36
54 43 25
43 55 35
55 42 36
42 41 25
41 56 35
56 57 26
57 68 25
68 70 25
70 84 36
84 99 51
99 85 36
85 12 228
12 11 25
11 10 25
10 9 26
9 8 25
8 7 51
7 4 353
4 5 76
5 6 76
6 1 51
1 2 76
2 3 76
3 39 474
39 40 102
40 13 184
13 14 36
14 15 102
15 16 26
16 17 152
17 18 51
18 19 76
19 20 102
20 23 35
23 24 35
24 25 36
25 26 26
26 21 80
21 22 51
22 27 80
27 28 51
28 29 35
29 33 57
33 32 25
32 35 36
35 31 35
31 30 26
30 37 35
37 36 51
36 44 57
44 53 25
53 61 57
61 52 26
52 45 36
45 51 35
51 64 51
64 50 72
50 46 36
46 38 26
38 34 57
34 49 80
49 47 35
47 48 35
48 62 37
62 78 76
78 91 25
91 90 26
90 79 25
79 77 56
77 63 25
63 76 36
76 75 25
75 80 37
80 100 92
100 101 26
101 121 235
121 114 40
114 115 25
115 120 40
120 116 40
116 117 51
117 118 25
118 119 25
119 122 86
122 138 114
138 153 166
153 154 26
154 155 25
155 156 26
156 157 25
157 158 51
158 137 149
137 123 114
123 168 80
168 124 26
124 125 38
125 169 68
169 126 26
126 127 60
127 128 78
128 132 56
132 129 26
129 130 26
130 131 26
131 133 25
133 139 26
139 140 26
140 134 26
134 135 25
135 136 86
136 143 71
143 144 35
144 145 25
145 142 25
142 141 26
141 146 25
146 147 26
147 152 25
152 159 51
159 160 44
160 161 26
161 151 26
151 148 25
148 149 50
149 150 51
150 162 57
162 163 50
163 164 77
164 165 25
165 171 150
171 170 114
170 188 1369
188 189 76
189 190 76
190 187 76
187 191 237
191 192 76
192 198 2.61574e+08
198 185 2.61574e+08
185 186 76
186 184 149
184 183 51
183 179 25
179 177 26
177 178 51
178 193 25
193 194 106
194 195 76
195 196 76
196 197 76
197 173 227
173 172 73
172 175 76
175 174 73
174 176 62
176 180 37
180 182 25
182 181 95
181 167 1468
167 166 127
166 107 148
107 108 37
108 109 25
109 110 25
110 106 37
106 105 25
105 111 26
111 112 26
112 113 25
113 104 36
104 103 51
103 102 26
102 92 71
92 93 26

