198
33 32 25
32 64 154
64 80 57
80 75 37
75 76 25
76 77 26
77 63 25
63 50 72
50 46 36
46 38 26
38 51 57
51 45 35
45 52 36
52 61 26
61 74 50
74 81 36
81 87 36
87 97 26
97 96 26
96 88 36
88 89 26
89 95 36
95 94 51
94 93 25
93 100 25
100 101 26
101 92 25
92 90 56
90 79 25
79 78 26
78 91 25
91 102 80
102 103 26
103 104 51
104 113 36
113 112 25
112 111 26
111 105 26
105 106 25
106 110 37
110 109 25
109 108 25
108 107 37
107 119 130
119 118 25
118 117 25
117 116 51
116 115 26
115 114 25
114 121 40
121 120 51
120 122 85
122 123 115
123 161 284
161 160 26
160 159 44
159 158 108
158 157 51
157 156 25
156 155 26
155 154 25
154 153 26
153 138 166
138 137 115
137 139 102
139 141 25
141 146 25
146 147 26
147 152 25
152 151 26
151 148 25
148 149 50
149 143 51
143 144 35
144 145 25
145 142 25
142 140 25
140 133 37
133 131 25
131 130 26
130 129 26
129 132 26
132 134 25
134 135 25
135 128 57
128 170 181
170 171 114
171 165 150
165 164 25
164 163 77
163 162 50
162 150 57
150 136 89
136 127 114
127 169 65
169 126 26
126 125 63
125 124 38
124 168 26
168 175 1695
175 184 231
184 191 212
191 192 76
192 185 76
185 186 76
186 194 224
194 195 76
195 196 76
196 197 76
197 193 150
193 178 25
178 177 51
177 179 26
179 183 25
183 190 201
190 189 76
189 187 107
187 188 76
188 181 121
181 182 95
182 180 25
180 176 37
176 174 62
174 173 76
173 172 73
172 167 1551
167 166 127
166 62 334
62 48 37
48 47 35
47 49 35
49 34 80
34 21 170
21 22 51
22 17 102
17 18 51
18 19 76
19 198 1878
198 1 1138
1 6 51
6 5 76
5 2 51
2 3 76
3 4 51
4 7 353
7 8 51
8 9 25
9 10 26
10 11 25
11 12 25
12 40 180
40 39 102
39 15 180
15 16 26
16 14 105
14 13 36
13 36 180
36 35 25
35 43 137
43 54 25
54 55 25
55 42 36
42 41 25
41 56 35
56 57 26
57 68 25
68 70 25
70 84 36
84 85 35
85 99 36
99 98 76
98 86 26
86 83 25
83 71 36
71 67 25
67 58 25
58 59 25
59 66 25
66 72 25
72 69 22
69 82 69
82 73 26
73 65 25
65 60 25
60 53 26
53 44 25
44 37 57
37 30 35
30 31 26
31 28 51
28 29 35
29 27 36
27 20 126
20 23 35
23 24 35
24 25 36
25 26 26
26 33 57

