198
75 76 25
76 77 26
77 63 25
63 49 51
49 47 35
47 48 35
48 62 37
62 78 76
78 105 162
105 111 26
111 106 36
106 110 37
110 109 25
109 108 25
108 107 37
107 166 148
166 167 127
167 181 1468
181 182 95
182 180 25
180 176 37
176 175 97
175 172 76
172 173 73
173 174 76
174 177 99
177 179 26
179 183 25
183 184 51
184 178 51
178 193 25
193 194 106
194 195 76
195 197 107
197 196 76
196 198 2.61574e+08
198 192 2.61574e+08
192 191 76
191 185 107
185 186 76
186 190 237
190 187 76
187 188 76
188 189 76
189 165 1384
165 164 25
164 163 77
163 162 50
162 150 57
150 149 51
149 144 36
144 145 25
145 142 25
142 140 25
140 139 26
139 141 25
141 146 25
146 147 26
147 148 26
148 151 25
151 161 26
161 160 26
160 152 26
152 159 51
159 158 108
158 157 51
157 156 25
156 155 26
155 154 25
154 153 26
153 138 166
138 122 114
122 123 115
123 137 114
137 133 102
133 131 25
131 130 26
130 129 26
129 132 26
132 134 25
134 135 25
135 143 57
143 136 71
136 171 114
171 170 114
170 127 114
127 169 65
169 126 26
126 128 50
128 125 80
125 124 38
124 168 26
168 119 161
119 118 25
118 117 25
117 120 74
120 121 51
121 114 40
114 115 25
115 116 26
116 112 104
112 113 25
113 104 36
104 103 51
103 102 26
102 91 80
91 79 36
79 90 25
90 92 56
92 101 25
101 100 26
100 93 25
93 94 25
94 95 51
95 80 57
80 89 56
89 74 57
74 81 36
81 88 35
88 96 36
96 97 26
97 87 26
87 82 25
82 73 26
73 65 25
65 69 58
69 66 23
66 59 25
59 54 26
54 43 25
43 55 35
55 58 26
58 67 25
67 71 25
71 72 25
72 83 26
83 86 25
86 98 26
98 99 76
99 85 36
85 84 35
84 70 36
70 68 25
68 57 25
57 56 26
56 41 35
41 42 25
42 40 148
40 12 180
12 11 25
11 10 25
10 9 26
9 8 25
8 7 51
7 4 353
4 5 76
5 6 76
6 1 51
1 2 76
2 3 76
3 39 474
39 15 180
15 16 26
16 14 105
14 13 36
13 28 137
28 29 35
29 27 36
27 26 50
26 23 57
23 21 57
21 22 51
22 17 102
17 18 51
18 19 76
19 20 102
20 24 50
24 25 36
25 34 80
34 33 80
33 32 25
32 35 36
35 36 25
36 31 25
31 30 26
30 37 35
37 44 57
44 53 25
53 60 26
60 61 51
61 52 26
52 45 36
45 51 35
51 46 35
46 38 26
38 50 57
50 64 72
64 75 57

