198
69 72 22
72 66 25
66 59 25
59 58 25
58 67 25
67 71 25
71 99 92
99 85 36
85 84 35
84 70 36
70 68 25
68 57 25
57 56 26
56 41 35
41 42 25
42 55 36
55 54 25
54 43 25
43 80 239
80 77 81
77 175 2058
175 184 231
184 191 212
191 192 76
192 185 76
185 186 76
186 194 224
194 195 76
195 196 76
196 197 76
197 193 150
193 178 25
178 177 51
177 179 26
179 183 25
183 190 201
190 189 76
189 187 107
187 188 76
188 181 121
181 182 95
182 180 25
180 176 37
176 174 62
174 173 76
173 172 73
172 166 1675
166 167 127
167 123 364
123 153 326
153 154 26
154 155 25
155 156 26
156 157 25
157 158 51
158 159 108
159 160 44
160 161 26
161 124 259
124 168 26
168 125 46
125 136 168
136 150 89
150 162 57
162 163 50
163 164 77
164 165 25
165 171 150
171 170 114
170 127 114
127 169 65
169 126 26
126 128 50
128 135 57
135 140 36
140 142 25
142 145 25
145 144 25
144 143 35
143 149 51
149 148 50
148 151 25
151 152 26
152 147 25
147 146 26
146 141 25
141 139 25
139 134 37
134 132 25
132 129 26
129 130 26
130 131 26
131 133 25
133 137 102
137 138 115
138 122 114
122 120 85
120 121 51
121 114 40
114 115 25
115 116 26
116 117 51
117 118 25
118 119 25
119 107 130
107 108 37
108 109 25
109 110 25
110 106 37
106 105 25
105 111 26
111 112 26
112 113 25
113 104 36
104 103 51
103 102 26
102 91 80
91 78 25
78 79 26
79 90 25
90 92 56
92 101 25
101 100 26
100 93 25
93 94 25
94 63 114
63 62 80
62 48 37
48 47 35
47 49 35
49 34 80
34 21 170
21 76 313
76 75 25
75 64 57
64 74 57
74 95 92
95 89 36
89 88 26
88 96 36
96 97 26
97 81 57
81 61 80
61 52 26
52 45 36
45 51 35
51 50 51
50 46 36
46 38 26
38 33 56
33 32 25
32 35 36
35 29 51
29 28 35
28 27 51
27 26 50
26 25 26
25 24 36
24 23 35
23 20 35
20 19 102
19 18 76
18 17 51
17 22 102
22 39 306
39 40 102
40 12 180
12 11 25
11 10 25
10 9 26
9 8 25
8 7 51
7 4 353
4 3 51
3 2 76
2 5 51
5 6 76
6 1 51
1 198 1138
198 15 1627
15 16 26
16 14 105
14 13 36
13 37 148
37 30 35
30 31 26
31 36 25
36 44 57
44 53 25
53 60 26
60 65 25
65 73 25
73 82 26
82 87 25
87 98 80
98 86 26
86 83 25
83 69 42

