198
123 119 109
119 118 25
118 110 104
110 111 51
111 112 26
112 113 25
113 104 36
104 103 51
103 102 26
102 101 56
101 92 25
92 100 36
100 93 25
93 94 25
94 76 81
76 77 26
77 63 25
63 75 57
75 80 37
80 95 57
95 89 36
89 88 26
88 96 36
96 97 26
97 87 26
87 82 25
82 81 26
81 74 36
74 64 57
64 61 57
61 52 26
52 45 36
45 36 72
36 35 25
35 32 36
32 33 25
33 26 57
26 23 57
23 21 57
21 22 51
22 27 80
27 29 36
29 28 35
28 31 51
31 30 26
30 37 35
37 42 114
42 41 25
41 55 57
55 54 25
54 43 25
43 44 76
44 53 25
53 60 26
60 65 25
65 73 25
73 69 58
69 66 23
66 59 25
59 58 25
58 67 25
67 71 25
71 72 25
72 83 26
83 86 25
86 98 26
98 99 76
99 85 36
85 84 35
84 70 36
70 68 25
68 57 25
57 56 26
56 12 206
12 11 25
11 10 25
10 9 26
9 8 25
8 7 51
7 4 353
4 5 76
5 6 76
6 1 51
1 2 76
2 3 76
3 39 474
39 40 102
40 13 184
13 14 36
14 15 102
15 16 26
16 17 152
17 18 51
18 19 76
19 20 102
20 24 50
24 25 36
25 34 80
34 38 57
38 46 26
46 51 35
51 50 51
50 49 51
49 47 35
47 48 35
48 62 37
62 79 80
79 90 25
90 78 36
78 91 25
91 105 148
105 106 25
106 109 57
109 108 25
108 132 326
132 137 133
137 162 290
162 149 92
149 144 36
144 142 35
142 130 105
130 131 26
131 152 152
152 146 51
146 160 77
160 159 44
159 158 108
158 157 51
157 156 25
156 155 26
155 154 25
154 153 26
153 147 309
147 163 209
163 150 92
150 140 126
140 136 111
136 127 114
127 126 60
126 169 26
169 170 176
170 181 1364
181 182 95
182 180 25
180 175 100
175 172 76
172 173 73
173 174 76
174 176 62
176 183 92
183 179 25
179 177 26
177 178 51
178 193 25
193 194 106
194 195 76
195 197 107
197 196 76
196 198 2.61574e+08
198 185 2.61574e+08
185 192 76
192 191 76
191 186 76
186 184 149
184 187 167
187 188 76
188 190 107
190 189 76
189 167 1501
167 166 127
166 107 148
107 120 216
120 121 51
121 114 40
114 115 25
115 116 26
116 117 51
117 122 78
122 138 114
138 129 250
129 164 326
164 165 25
165 171 150
171 143 178
143 135 57
135 141 72
141 145 36
145 139 56
139 133 26
133 134 26
134 128 71
128 124 113
124 168 26
168 125 46
125 161 254
161 151 26
151 148 25
148 123 239

