198
56 73 193
73 65 25
65 175 2257
175 184 231
184 191 212
191 192 76
192 185 76
185 186 76
186 194 224
194 195 76
195 196 76
196 197 76
197 193 150
193 178 25
178 177 51
177 179 26
179 183 25
183 190 201
190 189 76
189 187 107
187 188 76
188 181 121
181 182 95
182 180 25
180 176 37
176 174 62
174 173 76
173 172 73
172 166 1675
166 167 127
167 123 364
123 153 326
153 154 26
154 155 25
155 156 26
156 157 25
157 158 51
158 159 108
159 160 44
160 161 26
161 124 259
124 168 26
168 125 46
125 136 168
136 150 89
150 162 57
162 163 50
163 164 77
164 165 25
165 171 150
171 170 114
170 127 114
127 169 65
169 126 26
126 128 50
128 135 57
135 140 36
140 142 25
142 145 25
145 144 25
144 143 35
143 149 51
149 148 50
148 151 25
151 152 26
152 147 25
147 146 26
146 141 25
141 139 25
139 134 37
134 132 25
132 129 26
129 130 26
130 131 26
131 133 25
133 137 102
137 138 115
138 122 114
122 120 85
120 121 51
121 114 40
114 115 25
115 116 26
116 117 51
117 118 25
118 119 25
119 107 130
107 108 37
108 109 25
109 110 25
110 106 37
106 105 25
105 111 26
111 112 26
112 113 25
113 104 36
104 103 51
103 102 26
102 91 80
91 78 25
78 79 26
79 90 25
90 92 56
92 101 25
101 100 26
100 93 25
93 94 25
94 95 51
95 89 36
89 88 26
88 96 36
96 97 26
97 87 26
87 82 25
82 81 26
81 74 36
74 61 50
61 52 26
52 198 1976
198 1 1138
1 6 51
6 5 76
5 2 51
2 3 76
3 4 51
4 7 353
7 8 51
8 9 25
9 10 26
10 11 25
11 12 25
12 57 204
57 68 25
68 70 25
70 84 36
84 85 35
85 99 36
99 98 76
98 86 26
86 83 25
83 72 26
72 69 22
69 60 69
60 53 26
53 44 25
44 37 57
37 30 35
30 31 26
31 36 25
36 35 25
35 32 36
32 33 25
33 45 80
45 51 35
51 64 51
64 80 57
80 75 37
75 76 25
76 77 26
77 63 25
63 62 80
62 48 37
48 47 35
47 49 35
49 50 51
50 46 36
46 38 26
38 34 57
34 27 126
27 29 36
29 28 35
28 22 80
22 21 51
21 26 80
26 25 26
25 24 36
24 23 35
23 20 35
20 19 102
19 18 76
18 17 51
17 16 152
16 15 26
15 14 102
14 13 36
13 39 153
39 40 102
40 41 127
41 42 25
42 43 51
43 54 25
54 66 51
66 71 35
71 67 25
67 58 25
58 59 25
59 55 36
55 56 76

