198
48 77 91
77 78 80
78 91 25
91 90 26
90 79 25
79 93 92
93 100 25
100 101 26
101 102 56
102 114 163
114 121 40
121 120 51
120 115 40
115 116 26
116 117 51
117 118 25
118 119 25
119 122 86
122 138 114
138 153 166
153 154 26
154 155 25
155 156 26
156 157 25
157 158 51
158 159 108
159 160 44
160 161 26
161 152 37
152 151 26
151 148 25
148 147 26
147 146 26
146 145 26
145 149 56
149 150 51
150 162 57
162 163 50
163 164 77
164 165 25
165 171 150
171 136 114
136 143 71
143 144 35
144 142 35
142 140 25
140 139 26
139 141 25
141 137 108
137 123 114
123 168 80
168 124 26
124 125 38
125 130 52
130 129 26
129 132 26
132 131 26
131 133 25
133 134 26
134 135 25
135 128 57
128 126 50
126 169 26
169 127 65
127 170 114
170 189 1347
189 190 76
190 187 76
187 188 76
188 182 121
182 180 25
180 176 37
176 179 80
179 183 25
183 184 51
184 186 149
186 185 76
185 191 107
191 192 76
192 198 2.61574e+08
198 195 2.61574e+08
195 196 76
196 197 76
197 194 76
194 193 106
193 178 25
178 177 51
177 174 99
174 173 76
173 172 73
172 175 76
175 181 122
181 167 1468
167 166 127
166 107 148
107 108 37
108 109 25
109 110 25
110 106 37
106 105 25
105 111 26
111 112 26
112 113 25
113 104 36
104 103 51
103 92 91
92 75 92
75 80 37
80 64 57
64 51 51
51 46 35
46 50 36
50 34 80
34 38 57
38 33 56
33 32 25
32 29 37
29 28 35
28 27 51
27 22 80
22 21 51
21 26 80
26 25 26
25 24 36
24 23 35
23 20 35
20 19 102
19 18 76
18 17 51
17 16 152
16 15 26
15 14 102
14 13 36
13 39 153
39 4 463
4 3 51
3 2 76
2 1 76
1 6 51
6 5 76
5 7 397
7 8 51
8 9 25
9 10 26
10 11 25
11 12 25
12 40 180
40 42 148
42 41 25
41 56 35
56 57 26
57 68 25
68 70 25
70 85 51
85 99 36
99 98 76
98 86 26
86 84 80
84 67 72
67 58 25
58 55 26
55 43 35
43 54 25
54 59 26
59 66 25
66 69 23
69 72 22
72 71 25
71 83 36
83 97 92
97 96 26
96 87 37
87 82 25
82 73 26
73 65 25
65 60 25
60 53 26
53 44 25
44 37 57
37 30 35
30 31 26
31 36 25
36 35 25
35 45 57
45 52 36
52 61 26
61 74 50
74 81 36
81 88 35
88 89 26
89 95 36
95 94 51
94 76 81
76 47 113
47 49 35
49 62 80
62 63 80
63 48 71

