130
42 128 191
128 123 37
123 87 105
87 85 54
85 130 24
130 68 67
68 63 22
63 60 131
60 44 104
44 4 63
4 10 31
10 108 50
108 75 36
75 15 90
15 127 31
127 40 66
40 129 63
129 1 57
1 49 40
49 70 59
70 38 14
38 116 59
116 82 71
82 111 96
111 104 24
104 61 20
61 114 59
114 27 46
27 65 200
65 84 50
84 124 25
124 89 8
89 77 117
77 120 63
120 58 73
58 29 29
29 125 59
125 113 39
113 2 29
2 107 47
107 7 2
7 17 33
17 20 63
20 32 16
32 12 144
12 66 27
66 95 11
95 13 39
13 9 6
9 101 129
101 5 31
5 90 208
90 71 76
71 119 95
119 52 25
52 48 37
48 57 8
57 105 62
105 3 99
3 43 86
43 41 31
41 50 44
50 59 13
59 54 65
54 121 32
121 22 59
22 39 31
39 46 2
46 21 22
21 36 8
36 92 43
92 19 62
19 45 28
45 79 16
79 117 21
117 34 48
34 53 48
53 16 76
16 33 32
33 30 36
30 26 37
26 18 28
18 99 44
99 37 139
37 91 74
91 72 75
72 98 38
98 73 40
73 74 8
74 51 29
51 8 56
8 56 19
56 81 60
81 100 82
100 122 34
122 110 6
110 55 185
55 64 32
64 102 92
102 76 45
76 80 74
80 11 40
11 86 0
86 78 82
78 94 21
94 115 28
115 23 23
23 14 29
14 28 31
28 93 77
93 118 123
118 83 50
83 35 3
35 112 25
112 31 13
31 24 79
24 47 15
47 6 143
6 25 64
25 96 36
96 69 31
69 126 100
126 103 42
103 106 31
106 62 86
62 67 38
67 97 42
97 109 40
109 88 46
88 42 109

