130
95 22 78
22 39 31
39 46 2
46 21 22
21 36 8
36 92 43
92 32 77
32 20 16
20 125 81
125 120 69
120 77 63
77 65 167
65 84 50
84 124 25
124 89 8
89 58 80
58 29 29
29 82 55
82 2 44
2 113 29
113 107 30
107 7 2
7 17 33
17 45 54
45 79 16
79 19 32
19 117 31
117 1 57
1 49 40
49 129 26
129 70 35
70 40 35
40 38 29
38 116 59
116 111 38
111 114 66
114 27 46
27 61 85
61 104 20
104 127 32
127 15 31
15 44 41
44 4 63
4 10 31
10 75 49
75 108 36
108 60 26
60 128 71
128 126 118
126 103 42
103 42 36
42 106 51
106 123 155
123 63 85
63 68 22
68 130 67
130 85 24
85 87 54
87 25 98
25 6 64
6 96 44
96 69 31
69 62 66
62 67 38
67 109 65
109 97 40
97 47 54
47 24 15
24 112 79
112 31 13
31 35 25
35 83 3
83 118 50
118 110 156
110 122 6
122 100 34
100 81 82
81 56 60
56 8 19
8 55 43
55 64 32
64 51 76
51 74 29
74 73 8
73 98 40
98 72 38
72 91 75
91 90 163
90 71 76
71 48 60
48 57 8
57 52 38
52 105 70
105 37 74
37 86 100
86 11 0
11 80 40
80 102 49
102 76 45
76 93 79
93 88 39
88 28 72
28 14 31
14 23 29
23 94 31
94 78 21
78 115 36
115 99 49
99 18 44
18 26 28
26 30 37
30 33 36
33 16 32
16 53 76
53 34 48
34 3 51
3 43 86
43 41 31
41 119 79
119 50 54
50 59 13
59 54 65
54 121 32
121 5 140
5 101 31
101 9 129
9 13 6
13 66 38
66 12 27
12 95 32

