130
28 76 101
76 102 45
102 80 49
80 86 40
86 11 0
11 105 172
105 57 62
57 48 8
48 71 60
71 90 76
90 5 208
5 101 31
101 9 129
9 13 6
13 12 65
12 66 27
66 95 11
95 121 78
121 54 32
54 59 65
59 50 13
50 119 54
119 52 25
52 41 80
41 43 31
43 39 56
39 46 2
46 36 19
36 21 8
21 22 33
22 32 80
32 20 16
20 125 81
125 120 69
120 77 63
77 89 117
89 124 8
124 84 25
84 65 50
65 27 200
27 114 46
114 82 91
82 58 82
58 29 29
29 2 78
2 113 29
113 107 30
107 7 2
7 17 33
17 92 108
92 3 84
3 53 90
53 34 48
34 19 62
19 45 28
45 79 16
79 117 21
117 1 57
1 49 40
49 129 26
129 70 35
70 40 35
40 38 29
38 116 59
116 111 38
111 61 32
61 104 20
104 127 32
127 15 31
15 44 41
44 4 63
4 10 31
10 75 49
75 108 36
108 60 26
60 128 71
128 123 37
123 63 85
63 68 22
68 130 67
130 85 24
85 87 54
87 25 98
25 6 64
6 96 44
96 69 31
69 126 100
126 106 36
106 103 31
103 42 36
42 33 92
33 16 32
16 30 21
30 99 51
99 26 38
26 18 28
18 14 51
14 23 29
23 115 23
115 94 28
94 78 21
78 37 71
37 91 74
91 72 75
72 98 38
98 73 40
73 74 8
74 51 29
51 64 76
64 55 32
55 8 43
8 56 19
56 81 60
81 100 82
100 122 34
122 110 6
110 118 156
118 83 50
83 35 3
35 31 25
31 112 13
112 24 79
24 47 15
47 62 80
62 67 38
67 97 42
97 109 40
109 88 46
88 93 39
93 28 77

