130
34 1 81
1 49 40
49 129 26
129 70 35
70 38 14
38 40 29
40 75 142
75 60 55
60 108 26
108 10 50
10 4 31
4 44 63
44 15 41
15 127 31
127 104 32
104 111 24
111 61 32
61 27 85
27 114 46
114 116 84
116 82 71
82 2 44
2 113 29
113 29 62
29 58 29
58 89 80
89 124 8
124 84 25
84 65 50
65 77 167
77 120 63
120 125 69
125 107 43
107 7 2
7 17 33
17 45 54
45 79 16
79 117 21
117 53 78
53 16 76
16 33 32
33 30 36
30 99 51
99 26 38
26 18 28
18 42 79
42 103 36
103 106 31
106 126 36
126 128 118
128 123 37
123 63 85
63 68 22
68 130 67
130 85 24
85 87 54
87 25 98
25 6 64
6 96 44
96 69 31
69 62 66
62 67 38
67 47 49
47 24 15
24 97 46
97 109 40
109 88 46
88 28 72
28 14 31
14 23 29
23 115 23
115 94 28
94 78 21
78 37 71
37 91 74
91 86 113
86 11 0
11 80 40
80 102 49
102 76 45
76 93 79
93 112 90
112 31 13
31 35 25
35 83 3
83 118 50
118 110 156
110 122 6
122 100 34
100 81 82
81 56 60
56 8 19
8 55 43
55 64 32
64 51 76
51 74 29
74 73 8
73 72 45
72 98 38
98 90 154
90 71 76
71 48 60
48 57 8
57 119 58
119 52 25
52 105 70
105 3 99
3 43 86
43 41 31
41 50 44
50 59 13
59 54 65
54 121 32
121 5 140
5 101 31
101 9 129
9 13 6
13 66 38
66 12 27
12 95 32
95 22 78
22 39 31
39 46 2
46 36 19
36 21 8
21 32 65
32 20 16
20 92 76
92 19 62
19 34 62

