130
8 90 281
90 71 76
71 119 95
119 5 163
5 101 31
101 59 161
59 50 13
50 41 44
41 43 31
43 39 56
39 46 2
46 36 19
36 21 8
21 22 33
22 121 59
121 54 32
54 9 91
9 13 6
13 95 39
95 66 11
66 12 27
12 125 199
125 120 69
120 77 63
77 89 117
89 124 8
124 84 25
84 65 50
65 27 200
27 114 46
114 58 146
58 29 29
29 82 55
82 2 44
2 113 29
113 107 30
107 7 2
7 17 33
17 20 63
20 32 16
32 92 77
92 3 84
3 52 130
52 48 37
48 57 8
57 105 62
105 37 74
37 78 71
78 94 21
94 115 28
115 23 23
23 14 29
14 28 31
28 93 77
93 88 39
88 109 46
109 106 129
106 126 36
126 103 42
103 42 36
42 18 79
18 26 28
26 99 38
99 30 51
30 33 36
33 16 32
16 53 76
53 34 48
34 19 62
19 45 28
45 79 16
79 117 21
117 1 57
1 49 40
49 129 26
129 70 35
70 40 35
40 38 29
38 116 59
116 111 38
111 61 32
61 104 20
104 127 32
127 15 31
15 44 41
44 4 63
4 10 31
10 75 49
75 108 36
108 60 26
60 128 71
128 123 37
123 63 85
63 68 22
68 130 67
130 85 24
85 87 54
87 25 98
25 6 64
6 96 44
96 69 31
69 62 66
62 67 38
67 97 42
97 47 54
47 24 15
24 31 79
31 112 13
112 35 25
35 83 3
83 118 50
118 76 117
76 102 45
102 80 49
80 11 40
11 86 0
86 91 113
91 72 75
72 98 38
98 73 40
73 74 8
74 51 29
51 64 76
64 55 32
55 110 185
110 122 6
122 100 34
100 81 82
81 56 60
56 8 19

