130
103 42 36
42 62 90
62 67 38
67 47 49
47 24 15
24 31 79
31 112 13
112 35 25
35 83 3
83 118 50
118 110 156
110 122 6
122 100 34
100 81 82
81 56 60
56 8 19
8 55 43
55 64 32
64 51 76
51 74 29
74 73 8
73 98 40
98 72 38
72 91 75
91 37 74
37 78 71
78 94 21
94 86 81
86 11 0
11 80 40
80 102 49
102 76 45
76 93 79
93 97 96
97 109 40
109 88 46
88 28 72
28 14 31
14 23 29
23 115 23
115 99 49
99 18 44
18 26 28
26 30 37
30 33 36
33 16 32
16 53 76
53 34 48
34 3 51
3 41 83
41 43 31
43 39 56
39 46 2
46 36 19
36 21 8
21 22 33
22 121 59
121 54 32
54 59 65
59 50 13
50 119 54
119 52 25
52 105 70
105 57 62
57 48 8
48 71 60
71 90 76
90 5 208
5 101 31
101 9 129
9 13 6
13 95 39
95 66 11
66 12 27
12 120 161
120 77 63
77 65 167
65 84 50
84 124 25
124 89 8
89 58 80
58 29 29
29 82 55
82 2 44
2 113 29
113 125 39
125 107 43
107 7 2
7 17 33
17 20 63
20 32 16
32 92 77
92 19 62
19 45 28
45 79 16
79 117 21
117 1 57
1 49 40
49 129 26
129 70 35
70 40 35
40 38 29
38 116 59
116 111 38
111 114 66
114 27 46
27 61 85
61 104 20
104 127 32
127 15 31
15 44 41
44 4 63
4 10 31
10 75 49
75 108 36
108 60 26
60 128 71
128 123 37
123 63 85
63 68 22
68 130 67
130 85 24
85 87 54
87 25 98
25 6 64
6 96 44
96 69 31
69 106 80
106 126 36
126 103 42

