130
98 90 154
90 71 76
71 48 60
48 57 8
57 119 58
119 52 25
52 105 70
105 91 101
91 37 74
37 78 71
78 94 21
94 115 28
115 23 23
23 14 29
14 28 31
28 93 77
93 88 39
88 109 46
109 106 129
106 126 36
126 103 42
103 42 36
42 18 79
18 26 28
26 99 38
99 30 51
30 33 36
33 16 32
16 53 76
53 34 48
34 3 51
3 92 84
92 43 62
43 41 31
41 50 44
50 59 13
59 54 65
54 5 121
5 101 31
101 9 129
9 13 6
13 66 38
66 12 27
12 95 32
95 121 78
121 39 61
39 46 2
46 36 19
36 21 8
21 22 33
22 32 80
32 20 16
20 125 81
125 120 69
120 77 63
77 65 167
65 84 50
84 124 25
124 89 8
89 58 80
58 29 29
29 82 55
82 2 44
2 113 29
113 107 30
107 7 2
7 17 33
17 45 54
45 79 16
79 19 32
19 117 31
117 1 57
1 49 40
49 129 26
129 70 35
70 40 35
40 38 29
38 116 59
116 114 84
114 27 46
27 61 85
61 111 32
111 104 24
104 127 32
127 15 31
15 44 41
44 4 63
4 10 31
10 75 49
75 108 36
108 60 26
60 128 71
128 123 37
123 63 85
63 68 22
68 130 67
130 85 24
85 87 54
87 25 98
25 6 64
6 96 44
96 69 31
69 62 66
62 67 38
67 97 42
97 47 54
47 24 15
24 31 79
31 112 13
112 35 25
35 83 3
83 118 50
118 110 156
110 122 6
122 100 34
100 81 82
81 56 60
56 8 19
8 55 43
55 64 32
64 102 92
102 76 45
76 80 74
80 11 40
11 86 0
86 72 113
72 74 51
74 51 29
51 73 36
73 98 40

