130
45 125 127
125 29 59
29 58 29
58 120 73
120 77 63
77 89 117
89 124 8
124 84 25
84 65 50
65 27 200
27 114 46
114 82 91
82 116 71
116 111 38
111 104 24
104 61 20
61 4 129
4 10 31
10 108 50
108 60 26
60 130 218
130 85 24
85 87 54
87 68 45
68 63 22
63 123 85
123 128 37
128 75 104
75 44 50
44 15 41
15 127 31
127 40 66
40 38 29
38 70 14
70 129 35
129 49 26
49 1 40
1 34 81
34 53 48
53 16 76
16 30 21
30 33 36
33 25 231
25 6 64
6 96 44
96 69 31
69 106 80
106 126 36
126 103 42
103 42 36
42 18 79
18 26 28
26 99 38
99 37 139
37 64 179
64 55 32
55 102 107
102 76 45
76 80 74
80 11 40
11 86 0
86 78 82
78 94 21
94 115 28
115 23 23
23 14 29
14 28 31
28 93 77
93 88 39
88 109 46
109 97 40
97 67 42
67 62 38
62 47 80
47 24 15
24 31 79
31 112 13
112 35 25
35 83 3
83 118 50
118 110 156
110 122 6
122 100 34
100 81 82
81 56 60
56 8 19
8 51 56
51 74 29
74 73 8
73 98 40
98 72 38
72 91 75
91 71 101
71 90 76
90 5 208
5 101 31
101 54 135
54 121 32
121 9 69
9 13 6
13 95 39
95 66 11
66 12 27
12 22 100
22 21 33
21 36 8
36 46 19
46 39 2
39 43 56
43 41 31
41 50 44
50 59 13
59 119 52
119 52 25
52 48 37
48 57 8
57 105 62
105 3 99
3 92 84
92 32 77
32 20 16
20 17 63
17 7 33
7 107 2
107 113 30
113 2 29
2 79 121
79 117 21
117 19 31
19 45 28

