130
85 130 24
130 68 67
68 63 22
63 39 596
39 46 2
46 36 19
36 21 8
21 22 33
22 12 100
12 66 27
66 95 11
95 13 39
13 9 6
9 121 69
121 54 32
54 101 135
101 5 31
5 90 208
90 71 76
71 119 95
119 59 52
59 50 13
50 41 44
41 43 31
43 92 62
92 32 77
32 20 16
20 17 63
17 75 302
75 128 104
128 123 37
123 60 86
60 108 26
108 10 50
10 4 31
4 44 63
44 15 41
15 127 31
127 104 32
104 61 20
61 114 59
114 27 46
27 65 200
65 84 50
84 124 25
124 89 8
89 77 117
77 120 63
120 58 73
58 29 29
29 125 59
125 7 43
7 107 2
107 113 30
113 2 29
2 82 44
82 116 71
116 111 38
111 40 87
40 38 29
38 70 14
70 129 35
129 49 26
49 1 40
1 117 57
117 79 21
79 45 16
45 19 28
19 34 62
34 53 48
53 3 90
3 105 99
105 52 70
52 48 37
48 57 8
57 91 93
91 37 74
37 78 71
78 99 83
99 18 44
18 26 28
26 30 37
30 16 21
16 33 32
33 126 104
126 106 36
106 103 31
103 42 36
42 109 91
109 88 46
88 93 39
93 28 77
28 14 31
14 23 29
23 115 23
115 94 28
94 76 133
76 102 45
102 80 49
80 11 40
11 86 0
86 72 113
72 98 38
98 73 40
73 74 8
74 51 29
51 64 76
64 55 32
55 8 43
8 56 19
56 81 60
81 100 82
100 122 34
122 110 6
110 118 156
118 83 50
83 35 3
35 112 25
112 31 13
31 24 79
24 47 15
47 97 54
97 67 42
67 62 38
62 69 66
69 96 31
96 6 44
6 25 64
25 87 98
87 85 54

