130
67 62 38
62 69 66
69 96 31
96 6 44
6 25 64
25 87 98
87 85 54
85 130 24
130 68 67
68 63 22
63 123 85
123 128 37
128 60 71
60 108 26
108 75 36
75 10 49
10 4 31
4 44 63
44 15 41
15 127 31
127 104 32
104 111 24
111 61 32
61 114 59
114 27 46
27 65 200
65 84 50
84 124 25
124 89 8
89 77 117
77 120 63
120 58 73
58 29 29
29 82 55
82 116 71
116 38 59
38 40 29
40 70 35
70 129 35
129 49 26
49 1 40
1 117 57
117 79 21
79 45 16
45 19 28
19 92 62
92 17 108
17 7 33
7 107 2
107 2 47
2 113 29
113 125 39
125 20 81
20 32 16
32 12 144
12 66 27
66 95 11
95 13 39
13 9 6
9 101 129
101 5 31
5 54 121
54 121 32
121 22 59
22 21 33
21 36 8
36 46 19
46 39 2
39 43 56
43 41 31
41 50 44
50 59 13
59 119 52
119 52 25
52 90 156
90 71 76
71 48 60
48 57 8
57 105 62
105 3 99
3 34 51
34 53 48
53 11 235
11 86 0
86 80 40
80 102 49
102 76 45
76 93 79
93 88 39
88 109 46
109 42 91
42 106 51
106 126 36
126 103 42
103 33 82
33 16 32
16 30 21
30 26 37
26 18 28
18 99 44
99 115 49
115 23 23
23 14 29
14 28 31
28 94 56
94 78 21
78 37 71
37 91 74
91 72 75
72 98 38
98 73 40
73 74 8
74 51 29
51 64 76
64 55 32
55 8 43
8 56 19
56 81 60
81 100 82
100 122 34
122 110 6
110 118 156
118 83 50
83 35 3
35 112 25
112 31 13
31 24 79
24 47 15
47 97 54
97 67 42

