130
75 10 49
10 4 31
4 44 63
44 15 41
15 127 31
127 61 49
61 104 20
104 111 24
111 116 38
116 114 84
114 27 46
27 65 200
65 84 50
84 124 25
124 89 8
89 77 117
77 120 63
120 46 184
46 39 2
39 36 21
36 21 8
21 22 33
22 12 100
12 66 27
66 95 11
95 13 39
13 9 6
9 121 69
121 54 32
54 101 135
101 5 31
5 90 208
90 91 163
91 37 74
37 86 100
86 11 0
11 80 40
80 76 74
76 102 45
102 72 170
72 98 38
98 73 40
73 74 8
74 51 29
51 64 76
64 55 32
55 8 43
8 56 19
56 81 60
81 100 82
100 122 34
122 110 6
110 118 156
118 83 50
83 35 3
35 31 25
31 112 13
112 109 97
109 97 40
97 24 46
24 47 15
47 87 267
87 85 54
85 130 24
130 68 67
68 63 22
63 60 131
60 108 26
108 128 93
128 123 37
123 25 76
25 6 64
6 96 44
96 69 31
69 62 66
62 67 38
67 42 103
42 106 51
106 126 36
126 103 42
103 33 82
33 16 32
16 30 21
30 26 37
26 18 28
18 88 89
88 93 39
93 28 77
28 14 31
14 23 29
23 94 31
94 78 21
78 115 36
115 99 49
99 53 115
53 34 48
34 3 51
3 105 99
105 57 62
57 48 8
48 71 60
71 52 91
52 119 25
119 59 52
59 50 13
50 41 44
41 43 31
43 92 62
92 19 62
19 45 28
45 79 16
79 117 21
117 7 120
7 107 2
107 113 30
113 2 29
2 82 44
82 29 55
29 58 29
58 125 75
125 32 88
32 20 16
20 17 63
17 1 109
1 49 40
49 129 26
129 70 35
70 38 14
38 40 29
40 75 142

