130
66 12 27
12 95 32
95 22 78
22 39 31
39 46 2
46 36 19
36 21 8
21 32 65
32 20 16
20 125 81
125 120 69
120 77 63
77 65 167
65 84 50
84 124 25
124 89 8
89 58 80
58 29 29
29 82 55
82 114 91
114 27 46
27 61 85
61 104 20
104 111 24
111 116 38
116 2 70
2 113 29
113 107 30
107 7 2
7 17 33
17 45 54
45 79 16
79 117 21
117 19 31
19 92 62
92 43 62
43 41 31
41 3 83
3 34 51
34 53 48
53 1 75
1 49 40
49 129 26
129 70 35
70 38 14
38 40 29
40 127 66
127 15 31
15 44 41
44 4 63
4 10 31
10 75 49
75 108 36
108 60 26
60 128 71
128 123 37
123 63 85
63 68 22
68 130 67
130 85 24
85 87 54
87 25 98
25 6 64
6 96 44
96 69 31
69 106 80
106 126 36
126 103 42
103 42 36
42 26 86
26 33 52
33 16 32
16 30 21
30 99 51
99 18 44
18 14 51
14 28 31
28 23 35
23 115 23
115 94 28
94 78 21
78 11 82
11 86 0
86 80 40
80 102 49
102 76 45
76 93 79
93 88 39
88 109 46
109 97 40
97 67 42
67 62 38
62 47 80
47 24 15
24 31 79
31 112 13
112 35 25
35 83 3
83 118 50
118 110 156
110 122 6
122 100 34
100 81 82
81 56 60
56 8 19
8 55 43
55 64 32
64 51 76
51 74 29
74 73 8
73 98 40
98 72 38
72 91 75
91 37 74
37 105 74
105 57 62
57 48 8
48 71 60
71 90 76
90 52 156
52 119 25
119 50 54
50 59 13
59 5 137
5 101 31
101 54 135
54 121 32
121 13 64
13 9 6
9 66 41

