130
73 74 8
74 51 29
51 8 56
8 56 19
56 81 60
81 100 82
100 122 34
122 110 6
110 118 156
118 83 50
83 35 3
35 112 25
112 31 13
31 24 79
24 47 15
47 69 137
69 96 31
96 6 44
6 25 64
25 87 98
87 85 54
85 130 24
130 68 67
68 63 22
63 123 85
123 128 37
128 60 71
60 108 26
108 75 36
75 10 49
10 4 31
4 44 63
44 15 41
15 127 31
127 104 32
104 61 20
61 111 32
111 116 38
116 38 59
38 40 29
40 70 35
70 129 35
129 49 26
49 1 40
1 117 57
117 79 21
79 45 16
45 19 28
19 92 62
92 32 77
32 20 16
20 17 63
17 7 33
7 107 2
107 113 30
113 2 29
2 82 44
82 29 55
29 58 29
58 114 146
114 27 46
27 65 200
65 84 50
84 124 25
124 89 8
89 77 117
77 120 63
120 125 69
125 12 199
12 66 27
66 95 11
95 13 39
13 9 6
9 54 91
54 121 32
121 22 59
22 21 33
21 36 8
36 46 19
46 39 2
39 43 56
43 41 31
41 3 83
3 34 51
34 53 48
53 16 76
16 33 32
33 30 36
30 99 51
99 26 38
26 18 28
18 42 79
42 103 36
103 126 42
126 106 36
106 62 86
62 67 38
67 97 42
97 109 40
109 88 46
88 93 39
93 28 77
28 14 31
14 23 29
23 115 23
115 94 28
94 78 21
78 86 82
86 11 0
11 80 40
80 76 74
76 102 45
102 55 107
55 64 32
64 72 99
72 91 75
91 37 74
37 105 74
105 57 62
57 48 8
48 52 37
52 50 69
50 59 13
59 101 161
101 5 31
5 119 163
119 71 95
71 90 76
90 98 154
98 73 40

