130
22 46 30
46 39 2
39 21 23
21 36 8
36 43 63
43 41 31
41 59 57
59 50 13
50 119 54
119 52 25
52 57 38
57 48 8
48 71 60
71 90 76
90 98 154
98 73 40
73 51 36
51 74 29
74 72 51
72 91 75
91 37 74
37 105 74
105 3 99
3 34 51
34 53 48
53 16 76
16 33 32
33 30 36
30 26 37
26 18 28
18 99 44
99 115 49
115 78 36
78 94 21
94 23 31
23 14 29
14 28 31
28 88 72
88 93 39
93 76 79
76 102 45
102 80 49
80 11 40
11 86 0
86 64 94
64 55 32
55 8 43
8 56 19
56 81 60
81 100 82
100 122 34
122 110 6
110 118 156
118 83 50
83 35 3
35 31 25
31 112 13
112 24 79
24 47 15
47 62 80
62 67 38
67 97 42
97 109 40
109 42 91
42 103 36
103 126 42
126 106 36
106 69 80
69 96 31
96 6 44
6 25 64
25 87 98
87 85 54
85 130 24
130 68 67
68 63 22
63 123 85
123 128 37
128 60 71
60 108 26
108 75 36
75 10 49
10 4 31
4 44 63
44 15 41
15 127 31
127 104 32
104 111 24
111 61 32
61 114 59
114 27 46
27 65 200
65 84 50
84 124 25
124 89 8
89 77 117
77 120 63
120 58 73
58 29 29
29 125 59
125 17 74
17 7 33
7 107 2
107 113 30
113 2 29
2 82 44
82 116 71
116 38 59
38 40 29
40 70 35
70 129 35
129 49 26
49 1 40
1 117 57
117 79 21
79 45 16
45 19 28
19 20 89
20 32 16
32 92 77
92 12 179
12 66 27
66 95 11
95 13 39
13 9 6
9 101 129
101 5 31
5 54 121
54 121 32
121 22 59

