130
125 107 43
107 7 2
7 17 33
17 70 126
70 2 104
2 113 29
113 82 52
82 29 55
29 58 29
58 120 73
120 77 63
77 89 117
89 124 8
124 84 25
84 65 50
65 27 200
27 114 46
114 61 59
61 104 20
104 111 24
111 116 38
116 38 59
38 40 29
40 127 66
127 15 31
15 44 41
44 4 63
4 10 31
10 75 49
75 108 36
108 60 26
60 128 71
128 123 37
123 63 85
63 68 22
68 130 67
130 85 24
85 87 54
87 25 98
25 6 64
6 96 44
96 69 31
69 62 66
62 67 38
67 42 103
42 106 51
106 103 31
103 126 42
126 16 136
16 33 32
33 30 36
30 26 37
26 18 28
18 99 44
99 115 49
115 23 23
23 14 29
14 28 31
28 94 56
94 78 21
78 86 82
86 11 0
11 80 40
80 102 49
102 76 45
76 93 79
93 88 39
88 109 46
109 97 40
97 47 54
47 24 15
24 31 79
31 112 13
112 35 25
35 83 3
83 118 50
118 110 156
110 122 6
122 100 34
100 81 82
81 56 60
56 8 19
8 55 43
55 64 32
64 51 76
51 74 29
74 73 8
73 98 40
98 72 38
72 91 75
91 37 74
37 105 74
105 119 95
119 52 25
52 57 38
57 48 8
48 71 60
71 90 76
90 5 208
5 101 31
101 9 129
9 13 6
13 12 65
12 66 27
66 95 11
95 121 78
121 54 32
54 59 65
59 50 13
50 41 44
41 43 31
43 3 86
3 34 51
34 53 48
53 1 75
1 129 57
129 49 26
49 117 76
117 79 21
79 45 16
45 19 28
19 92 62
92 36 43
36 21 8
21 46 22
46 39 2
39 22 31
22 32 80
32 20 16
20 125 81

