130
130 85 24
85 87 54
87 25 98
25 6 64
6 96 44
96 69 31
69 62 66
62 67 38
67 47 49
47 24 15
24 97 46
97 109 40
109 88 46
88 93 39
93 112 90
112 31 13
31 35 25
35 83 3
83 118 50
118 110 156
110 122 6
122 100 34
100 81 82
81 56 60
56 8 19
8 55 43
55 64 32
64 51 76
51 74 29
74 73 8
73 98 40
98 72 38
72 91 75
91 90 163
90 71 76
71 48 60
48 57 8
57 119 58
119 52 25
52 105 70
105 37 74
37 78 71
78 94 21
94 86 81
86 11 0
11 80 40
80 102 49
102 76 45
76 28 101
28 23 35
23 115 23
115 14 46
14 99 54
99 26 38
26 18 28
18 42 79
42 106 51
106 126 36
126 103 42
103 33 82
33 30 36
30 16 21
16 53 76
53 34 48
34 3 51
3 92 84
92 43 62
43 41 31
41 50 44
50 59 13
59 5 137
5 101 31
101 54 135
54 121 32
121 13 64
13 9 6
9 66 41
66 12 27
12 95 32
95 22 78
22 39 31
39 46 2
46 36 19
36 21 8
21 32 65
32 20 16
20 125 81
125 120 69
120 77 63
77 58 92
58 29 29
29 89 101
89 124 8
124 84 25
84 65 50
65 27 200
27 114 46
114 82 91
82 2 44
2 113 29
113 107 30
107 7 2
7 17 33
17 45 54
45 79 16
79 19 32
19 117 31
117 1 57
1 49 40
49 129 26
129 70 35
70 40 35
40 38 29
38 116 59
116 111 38
111 61 32
61 104 20
104 127 32
127 15 31
15 44 41
44 4 63
4 10 31
10 75 49
75 108 36
108 60 26
60 128 71
128 123 37
123 63 85
63 68 22
68 130 67

