130
68 130 67
130 85 24
85 87 54
87 25 98
25 6 64
6 96 44
96 69 31
69 62 66
62 67 38
67 97 42
97 47 54
47 24 15
24 31 79
31 112 13
112 35 25
35 83 3
83 118 50
118 110 156
110 122 6
122 100 34
100 81 82
81 56 60
56 8 19
8 55 43
55 64 32
64 51 76
51 74 29
74 73 8
73 98 40
98 72 38
72 91 75
91 37 74
37 105 74
105 52 70
52 119 25
119 57 58
57 48 8
48 71 60
71 90 76
90 5 208
5 101 31
101 9 129
9 13 6
13 66 38
66 12 27
12 95 32
95 121 78
121 54 32
54 59 65
59 50 13
50 41 44
41 43 31
43 92 62
92 36 43
36 21 8
21 46 22
46 39 2
39 22 31
22 32 80
32 20 16
20 17 63
17 7 33
7 107 2
107 113 30
113 125 39
125 120 69
120 77 63
77 65 167
65 84 50
84 124 25
124 89 8
89 58 80
58 29 29
29 82 55
82 2 44
2 116 70
116 114 84
114 27 46
27 61 85
61 111 32
111 104 24
104 127 32
127 15 31
15 4 86
4 10 31
10 108 50
108 60 26
60 75 55
75 44 50
44 40 102
40 38 29
38 70 14
70 129 35
129 49 26
49 1 40
1 117 57
117 79 21
79 45 16
45 19 28
19 3 79
3 34 51
34 53 48
53 16 76
16 33 32
33 30 36
30 26 37
26 18 28
18 99 44
99 14 54
14 28 31
28 23 35
23 115 23
115 94 28
94 78 21
78 86 82
86 11 0
11 80 40
80 102 49
102 76 45
76 93 79
93 88 39
88 109 46
109 42 91
42 103 36
103 106 31
106 126 36
126 128 118
128 123 37
123 63 85
63 68 22

