130
30 26 37
26 18 28
18 14 51
14 28 31
28 93 77
93 88 39
88 109 46
109 42 91
42 106 51
106 126 36
126 103 42
103 99 134
99 115 49
115 23 23
23 94 31
94 78 21
78 37 71
37 105 74
105 52 70
52 119 25
119 50 54
50 59 13
59 54 65
54 121 32
121 22 59
22 12 100
12 66 27
66 95 11
95 13 39
13 9 6
9 101 129
101 5 31
5 90 208
90 71 76
71 48 60
48 57 8
57 91 93
91 72 75
72 98 38
98 73 40
73 74 8
74 51 29
51 8 56
8 56 19
56 55 32
55 64 32
64 11 94
11 86 0
86 80 40
80 76 74
76 102 45
102 81 135
81 100 82
100 122 34
122 110 6
110 118 156
118 83 50
83 35 3
35 112 25
112 31 13
31 24 79
24 47 15
47 97 54
97 67 42
67 62 38
62 69 66
69 96 31
96 6 44
6 25 64
25 87 98
87 85 54
85 130 24
130 68 67
68 63 22
63 123 85
123 128 37
128 60 71
60 108 26
108 75 36
75 10 49
10 4 31
4 44 63
44 15 41
15 127 31
127 104 32
104 111 24
111 61 32
61 114 59
114 27 46
27 65 200
65 84 50
84 124 25
124 89 8
89 77 117
77 120 63
120 32 110
32 20 16
20 17 63
17 7 33
7 107 2
107 113 30
113 125 39
125 58 75
58 29 29
29 82 55
82 2 44
2 116 70
116 38 59
38 40 29
40 70 35
70 129 35
129 49 26
49 1 40
1 117 57
117 79 21
79 45 16
45 19 28
19 92 62
92 36 43
36 21 8
21 46 22
46 39 2
39 43 56
43 41 31
41 3 83
3 34 51
34 53 48
53 16 76
16 33 32
33 30 36

