130
118 83 50
83 35 3
35 31 25
31 112 13
112 24 79
24 47 15
47 97 54
97 67 42
67 62 38
62 69 66
69 96 31
96 6 44
6 25 64
25 87 98
87 85 54
85 130 24
130 68 67
68 63 22
63 123 85
123 128 37
128 60 71
60 108 26
108 75 36
75 10 49
10 4 31
4 44 63
44 15 41
15 127 31
127 104 32
104 111 24
111 61 32
61 114 59
114 27 46
27 65 200
65 84 50
84 124 25
124 89 8
89 77 117
77 120 63
120 58 73
58 29 29
29 82 55
82 116 71
116 38 59
38 40 29
40 70 35
70 129 35
129 49 26
49 1 40
1 53 75
53 34 48
34 117 48
117 79 21
79 45 16
45 17 54
17 7 33
7 107 2
107 2 47
2 113 29
113 125 39
125 20 81
20 32 16
32 21 65
21 36 8
36 92 43
92 19 62
19 3 79
3 41 83
41 43 31
43 39 56
39 46 2
46 22 30
22 12 100
12 66 27
66 95 11
95 13 39
13 9 6
9 101 129
101 5 31
5 121 140
121 54 32
54 59 65
59 50 13
50 119 54
119 52 25
52 90 156
90 71 76
71 48 60
48 57 8
57 105 62
105 91 101
91 72 75
72 98 38
98 73 40
73 74 8
74 51 29
51 37 207
37 78 71
78 94 21
94 28 56
28 14 31
14 23 29
23 115 23
115 99 49
99 18 44
18 26 28
26 30 37
30 16 21
16 33 32
33 126 104
126 106 36
106 103 31
103 42 36
42 109 91
109 88 46
88 93 39
93 76 79
76 102 45
102 80 49
80 11 40
11 86 0
86 64 94
64 55 32
55 8 43
8 56 19
56 81 60
81 100 82
100 122 34
122 110 6
110 118 156

