130
97 109 40
109 39 455
39 46 2
46 36 19
36 21 8
21 22 33
22 12 100
12 66 27
66 95 11
95 13 39
13 9 6
9 121 69
121 54 32
54 101 135
101 5 31
5 90 208
90 71 76
71 119 95
119 59 52
59 50 13
50 41 44
41 43 31
43 92 62
92 32 77
32 20 16
20 17 63
17 75 302
75 108 36
108 60 26
60 128 71
128 123 37
123 25 76
25 96 36
96 69 31
69 6 62
6 87 124
87 85 54
85 130 24
130 68 67
68 63 22
63 10 198
10 4 31
4 44 63
44 15 41
15 127 31
127 104 32
104 61 20
61 114 59
114 27 46
27 65 200
65 84 50
84 124 25
124 89 8
89 77 117
77 120 63
120 58 73
58 29 29
29 125 59
125 7 43
7 107 2
107 113 30
113 2 29
2 82 44
82 116 71
116 111 38
111 40 87
40 38 29
38 70 14
70 129 35
129 49 26
49 1 40
1 117 57
117 79 21
79 45 16
45 19 28
19 34 62
34 53 48
53 3 90
3 105 99
105 52 70
52 48 37
48 57 8
57 37 113
37 91 74
91 72 75
72 98 38
98 73 40
73 74 8
74 51 29
51 8 56
8 56 19
56 55 32
55 64 32
64 86 94
86 11 0
11 80 40
80 76 74
76 102 45
102 81 135
81 100 82
100 122 34
122 110 6
110 118 156
118 83 50
83 35 3
35 112 25
112 31 13
31 24 79
24 47 15
47 67 49
67 62 38
62 42 90
42 103 36
103 106 31
106 126 36
126 33 104
33 16 32
16 30 21
30 26 37
26 18 28
18 99 44
99 115 49
115 78 36
78 94 21
94 23 31
23 14 29
14 28 31
28 93 77
93 88 39
88 97 82

