130
101 9 129
9 13 6
13 66 38
66 12 27
12 95 32
95 22 78
22 39 31
39 46 2
46 36 19
36 21 8
21 32 65
32 20 16
20 92 76
92 19 62
19 45 28
45 79 16
79 117 21
117 1 57
1 129 57
129 49 26
49 17 89
17 7 33
7 107 2
107 2 47
2 113 29
113 125 39
125 120 69
120 77 63
77 65 167
65 84 50
84 124 25
124 89 8
89 58 80
58 29 29
29 82 55
82 114 91
114 27 46
27 61 85
61 104 20
104 111 24
111 116 38
116 38 59
38 70 14
70 40 35
40 127 66
127 15 31
15 44 41
44 75 50
75 4 66
4 10 31
10 108 50
108 60 26
60 128 71
128 123 37
123 63 85
63 68 22
68 130 67
130 85 24
85 87 54
87 25 98
25 6 64
6 96 44
96 69 31
69 106 80
106 126 36
126 103 42
103 42 36
42 26 86
26 18 28
18 88 89
88 109 46
109 97 40
97 67 42
67 62 38
62 47 80
47 24 15
24 112 79
112 31 13
31 35 25
35 83 3
83 118 50
118 93 123
93 76 79
76 102 45
102 80 49
80 86 40
86 11 0
11 64 94
64 55 32
55 110 185
110 122 6
122 100 34
100 81 82
81 56 60
56 8 19
8 51 56
51 74 29
74 73 8
73 98 40
98 72 38
72 91 75
91 37 74
37 78 71
78 94 21
94 115 28
115 23 23
23 28 35
28 14 31
14 99 54
99 30 51
30 33 36
33 16 32
16 53 76
53 34 48
34 3 51
3 105 99
105 57 62
57 48 8
48 71 60
71 90 76
90 52 156
52 119 25
119 59 52
59 50 13
50 41 44
41 43 31
43 121 88
121 54 32
54 5 121
5 101 31

