130
9 13 6
13 66 38
66 12 27
12 95 32
95 121 78
121 54 32
54 59 65
59 50 13
50 119 54
119 52 25
52 71 91
71 48 60
48 57 8
57 105 62
105 42 301
42 67 103
67 62 38
62 69 66
69 96 31
96 6 44
6 85 167
85 130 24
130 87 76
87 68 45
68 63 22
63 10 198
10 4 31
4 17 306
17 7 33
7 107 2
107 113 30
113 2 29
2 82 44
82 116 71
116 111 38
111 104 24
104 61 20
61 114 59
114 27 46
27 65 200
65 84 50
84 124 25
124 89 8
89 77 117
77 120 63
120 58 73
58 29 29
29 125 59
125 32 88
32 20 16
20 45 85
45 79 16
79 117 21
117 19 31
19 92 62
92 36 43
36 21 8
21 22 33
22 46 30
46 39 2
39 43 56
43 41 31
41 3 83
3 34 51
34 53 48
53 1 75
1 49 40
49 129 26
129 70 35
70 38 14
38 40 29
40 127 66
127 15 31
15 44 41
44 75 50
75 108 36
108 60 26
60 128 71
128 123 37
123 25 76
25 126 128
126 106 36
106 103 31
103 33 82
33 16 32
16 30 21
30 99 51
99 26 38
26 18 28
18 14 51
14 23 29
23 115 23
115 94 28
94 78 21
78 28 77
28 93 77
93 88 39
88 109 46
109 97 40
97 47 54
47 24 15
24 31 79
31 112 13
112 35 25
35 83 3
83 118 50
118 110 156
110 122 6
122 100 34
100 81 82
81 102 135
102 76 45
76 80 74
80 11 40
11 86 0
86 37 100
37 91 74
91 64 153
64 55 32
55 56 32
56 8 19
8 51 56
51 74 29
74 73 8
73 72 45
72 98 38
98 90 154
90 5 208
5 101 31
101 9 129

