130
2 82 44
82 29 55
29 58 29
58 120 73
120 77 63
77 89 117
89 124 8
124 84 25
84 65 50
65 27 200
27 114 46
114 61 59
61 104 20
104 111 24
111 116 38
116 38 59
38 127 71
127 15 31
15 44 41
44 4 63
4 10 31
10 75 49
75 108 36
108 60 26
60 128 71
128 123 37
123 63 85
63 68 22
68 130 67
130 85 24
85 87 54
87 25 98
25 6 64
6 96 44
96 69 31
69 62 66
62 67 38
67 47 49
47 24 15
24 97 46
97 112 79
112 31 13
31 35 25
35 83 3
83 118 50
118 110 156
110 122 6
122 100 34
100 81 82
81 56 60
56 8 19
8 55 43
55 64 32
64 51 76
51 74 29
74 73 8
73 72 45
72 98 38
98 90 154
90 71 76
71 48 60
48 57 8
57 119 58
119 52 25
52 105 70
105 91 101
91 37 74
37 78 71
78 94 21
94 23 31
23 115 23
115 99 49
99 30 51
30 16 21
16 33 32
33 26 52
26 18 28
18 14 51
14 28 31
28 86 108
86 11 0
11 80 40
80 102 49
102 76 45
76 93 79
93 88 39
88 109 46
109 42 91
42 103 36
103 106 31
106 126 36
126 40 188
40 70 35
70 129 35
129 49 26
49 1 40
1 117 57
117 79 21
79 45 16
45 19 28
19 34 62
34 53 48
53 3 90
3 92 84
92 43 62
43 41 31
41 50 44
50 59 13
59 54 65
54 121 32
121 5 140
5 101 31
101 9 129
9 13 6
13 66 38
66 12 27
12 95 32
95 22 78
22 39 31
39 46 2
46 36 19
36 21 8
21 32 65
32 20 16
20 17 63
17 7 33
7 107 2
107 125 43
125 113 39
113 2 29

