130
94 78 21
78 86 82
86 11 0
11 90 270
90 71 76
71 119 95
119 5 163
5 101 31
101 59 161
59 50 13
50 41 44
41 43 31
43 39 56
39 46 2
46 36 19
36 21 8
21 22 33
22 121 59
121 54 32
54 9 91
9 13 6
13 95 39
95 66 11
66 12 27
12 125 199
125 120 69
120 77 63
77 89 117
89 124 8
124 84 25
84 65 50
65 27 200
27 114 46
114 58 146
58 29 29
29 82 55
82 2 44
2 113 29
113 107 30
107 7 2
7 17 33
17 20 63
20 32 16
32 92 77
92 19 62
19 45 28
45 79 16
79 117 21
117 1 57
1 49 40
49 129 26
129 70 35
70 40 35
40 38 29
38 116 59
116 111 38
111 61 32
61 104 20
104 127 32
127 15 31
15 44 41
44 4 63
4 10 31
10 75 49
75 108 36
108 60 26
60 128 71
128 123 37
123 63 85
63 68 22
68 130 67
130 85 24
85 87 54
87 25 98
25 6 64
6 96 44
96 69 31
69 106 80
106 126 36
126 103 42
103 42 36
42 18 79
18 26 28
26 99 38
99 30 51
30 33 36
33 16 32
16 53 76
53 34 48
34 3 51
3 52 130
52 48 37
48 57 8
57 105 62
105 37 74
37 91 74
91 72 75
72 98 38
98 73 40
73 74 8
74 51 29
51 8 56
8 56 19
56 55 32
55 64 32
64 80 98
80 76 74
76 102 45
102 81 135
81 100 82
100 122 34
122 110 6
110 118 156
118 83 50
83 35 3
35 112 25
112 31 13
31 24 79
24 47 15
47 62 80
62 67 38
67 97 42
97 109 40
109 88 46
88 93 39
93 28 77
28 14 31
14 23 29
23 115 23
115 94 28

