130
67 62 38
62 69 66
69 96 31
96 6 44
6 25 64
25 87 98
87 85 54
85 130 24
130 68 67
68 63 22
63 123 85
123 128 37
128 60 71
60 108 26
108 75 36
75 10 49
10 4 31
4 44 63
44 15 41
15 127 31
127 104 32
104 111 24
111 61 32
61 114 59
114 27 46
27 65 200
65 84 50
84 124 25
124 89 8
89 77 117
77 120 63
120 58 73
58 29 29
29 125 59
125 32 88
32 20 16
20 17 63
17 7 33
7 107 2
107 113 30
113 2 29
2 82 44
82 116 71
116 38 59
38 40 29
40 70 35
70 129 35
129 49 26
49 1 40
1 79 59
79 45 16
45 19 28
19 117 31
117 53 78
53 34 48
34 3 51
3 92 84
92 36 43
36 21 8
21 46 22
46 39 2
39 22 31
22 12 100
12 66 27
66 95 11
95 13 39
13 9 6
9 101 129
101 5 31
5 90 208
90 71 76
71 48 60
48 57 8
57 52 38
52 119 25
119 50 54
50 59 13
59 54 65
54 121 32
121 43 88
43 41 31
41 105 104
105 37 74
37 91 74
91 72 75
72 98 38
98 73 40
73 74 8
74 51 29
51 64 76
64 55 32
55 8 43
8 56 19
56 81 60
81 100 82
100 122 34
122 110 6
110 118 156
118 83 50
83 35 3
35 31 25
31 112 13
112 76 134
76 102 45
102 80 49
80 11 40
11 86 0
86 78 82
78 94 21
94 115 28
115 23 23
23 28 35
28 14 31
14 99 54
99 30 51
30 16 21
16 33 32
33 126 104
126 106 36
106 103 31
103 42 36
42 26 86
26 18 28
18 88 89
88 93 39
93 109 73
109 97 40
97 24 46
24 47 15
47 67 49

