130
129 49 26
49 117 76
117 79 21
79 45 16
45 19 28
19 92 62
92 43 62
43 41 31
41 50 44
50 59 13
59 54 65
54 121 32
121 22 59
22 39 31
39 46 2
46 36 19
36 21 8
21 32 65
32 20 16
20 17 63
17 7 33
7 107 2
107 125 43
125 113 39
113 2 29
2 116 70
116 38 59
38 70 14
70 40 35
40 4 160
4 10 31
10 75 49
75 108 36
108 60 26
60 44 104
44 15 41
15 127 31
127 104 32
104 111 24
111 61 32
61 114 59
114 27 46
27 65 200
65 84 50
84 124 25
124 89 8
89 82 136
82 29 55
29 58 29
58 77 92
77 120 63
120 12 161
12 66 27
66 95 11
95 13 39
13 9 6
9 101 129
101 5 31
5 90 208
90 71 76
71 119 95
119 52 25
52 48 37
48 57 8
57 105 62
105 86 172
86 11 0
11 80 40
80 102 49
102 76 45
76 93 79
93 88 39
88 109 46
109 97 40
97 67 42
67 42 103
42 103 36
103 106 31
106 126 36
126 128 118
128 123 37
123 63 85
63 68 22
68 130 67
130 85 24
85 87 54
87 25 98
25 6 64
6 96 44
96 69 31
69 62 66
62 47 80
47 24 15
24 31 79
31 112 13
112 35 25
35 83 3
83 118 50
118 110 156
110 122 6
122 100 34
100 81 82
81 8 77
8 56 19
56 55 32
55 64 32
64 51 76
51 74 29
74 73 8
73 98 40
98 72 38
72 91 75
91 37 74
37 78 71
78 94 21
94 28 56
28 14 31
14 23 29
23 115 23
115 99 49
99 18 44
18 26 28
26 30 37
30 33 36
33 16 32
16 53 76
53 3 90
3 34 51
34 1 81
1 129 57

