130
126 106 36
106 69 80
69 96 31
96 6 44
6 25 64
25 87 98
87 85 54
85 130 24
130 68 67
68 63 22
63 123 85
123 128 37
128 60 71
60 108 26
108 75 36
75 10 49
10 4 31
4 44 63
44 15 41
15 127 31
127 104 32
104 61 20
61 111 32
111 116 38
116 38 59
38 40 29
40 70 35
70 129 35
129 49 26
49 1 40
1 117 57
117 79 21
79 45 16
45 19 28
19 34 62
34 53 48
53 3 90
3 52 130
52 119 25
119 50 54
50 59 13
59 54 65
54 121 32
121 22 59
22 21 33
21 36 8
36 46 19
46 39 2
39 43 56
43 41 31
41 92 89
92 32 77
32 20 16
20 17 63
17 7 33
7 107 2
107 113 30
113 2 29
2 82 44
82 29 55
29 58 29
58 114 146
114 27 46
27 65 200
65 84 50
84 124 25
124 89 8
89 77 117
77 120 63
120 125 69
125 12 199
12 66 27
66 95 11
95 13 39
13 9 6
9 101 129
101 5 31
5 90 208
90 71 76
71 48 60
48 57 8
57 105 62
105 86 172
86 11 0
11 80 40
80 102 49
102 76 45
76 93 79
93 88 39
88 109 46
109 97 40
97 67 42
67 62 38
62 47 80
47 24 15
24 112 79
112 31 13
31 35 25
35 83 3
83 118 50
118 110 156
110 122 6
122 100 34
100 81 82
81 8 77
8 56 19
56 55 32
55 64 32
64 51 76
51 74 29
74 73 8
73 98 40
98 72 38
72 91 75
91 37 74
37 78 71
78 94 21
94 28 56
28 14 31
14 23 29
23 115 23
115 99 49
99 30 51
30 16 21
16 33 32
33 26 52
26 18 28
18 42 79
42 103 36
103 126 42

