130
17 7 33
7 107 2
107 125 43
125 12 199
12 66 27
66 95 11
95 13 39
13 9 6
9 101 129
101 5 31
5 90 208
90 71 76
71 98 136
98 73 40
73 74 8
74 51 29
51 64 76
64 55 32
55 8 43
8 56 19
56 81 60
81 100 82
100 122 34
122 110 6
110 118 156
118 83 50
83 35 3
35 112 25
112 31 13
31 24 79
24 47 15
47 62 80
62 67 38
67 97 42
97 109 40
109 88 46
88 93 39
93 76 79
76 102 45
102 80 49
80 11 40
11 86 0
86 72 113
72 91 75
91 37 74
37 78 71
78 94 21
94 28 56
28 14 31
14 23 29
23 115 23
115 99 49
99 18 44
18 26 28
26 30 37
30 105 200
105 57 62
57 48 8
48 52 37
52 119 25
119 50 54
50 59 13
59 54 65
54 121 32
121 22 59
22 20 94
20 32 16
32 21 65
21 36 8
36 46 19
46 39 2
39 43 56
43 41 31
41 92 89
92 3 84
3 34 51
34 53 48
53 16 76
16 33 32
33 42 92
42 103 36
103 126 42
126 106 36
106 69 80
69 96 31
96 6 44
6 25 64
25 87 98
87 85 54
85 130 24
130 68 67
68 63 22
63 123 85
123 128 37
128 60 71
60 108 26
108 75 36
75 10 49
10 4 31
4 44 63
44 15 41
15 127 31
127 104 32
104 61 20
61 114 59
114 27 46
27 65 200
65 84 50
84 124 25
124 89 8
89 77 117
77 120 63
120 58 73
58 29 29
29 82 55
82 113 52
113 2 29
2 116 70
116 111 38
111 40 87
40 38 29
38 70 14
70 129 35
129 49 26
49 1 40
1 117 57
117 19 31
19 79 32
79 45 16
45 17 54

