130
123 63 85
63 68 22
68 130 67
130 85 24
85 87 54
87 25 98
25 6 64
6 96 44
96 69 31
69 62 66
62 67 38
67 47 49
47 24 15
24 97 46
97 109 40
109 88 46
88 93 39
93 112 90
112 31 13
31 35 25
35 83 3
83 118 50
118 110 156
110 122 6
122 100 34
100 81 82
81 55 74
55 56 32
56 8 19
8 51 56
51 74 29
74 73 8
73 98 40
98 72 38
72 64 99
64 102 92
102 76 45
76 80 74
80 86 40
86 11 0
11 78 82
78 94 21
94 115 28
115 23 23
23 28 35
28 14 31
14 99 54
99 26 38
26 18 28
18 42 79
42 106 51
106 126 36
126 103 42
103 33 82
33 30 36
30 16 21
16 53 76
53 34 48
34 3 51
3 43 86
43 41 31
41 50 44
50 59 13
59 119 52
119 52 25
52 48 37
48 57 8
57 105 62
105 37 74
37 91 74
91 71 101
71 90 76
90 5 208
5 101 31
101 9 129
9 13 6
13 66 38
66 12 27
12 95 32
95 121 78
121 54 32
54 22 85
22 46 30
46 39 2
39 21 23
21 36 8
36 92 43
92 32 77
32 20 16
20 125 81
125 29 59
29 58 29
58 120 73
120 77 63
77 89 117
89 124 8
124 84 25
84 65 50
65 27 200
27 114 46
114 82 91
82 2 44
2 113 29
113 107 30
107 7 2
7 17 33
17 45 54
45 79 16
79 19 32
19 117 31
117 1 57
1 49 40
49 129 26
129 70 35
70 40 35
40 38 29
38 116 59
116 111 38
111 61 32
61 104 20
104 127 32
127 15 31
15 44 41
44 4 63
4 10 31
10 75 49
75 108 36
108 60 26
60 128 71
128 123 37

