130
112 97 79
97 24 46
24 47 15
47 67 49
67 62 38
62 69 66
69 96 31
96 6 44
6 25 64
25 87 98
87 85 54
85 130 24
130 68 67
68 63 22
63 123 85
123 128 37
128 126 118
126 106 36
106 103 31
103 42 36
42 109 91
109 88 46
88 93 39
93 76 79
76 102 45
102 80 49
80 11 40
11 86 0
86 78 82
78 94 21
94 115 28
115 23 23
23 28 35
28 14 31
14 99 54
99 18 44
18 26 28
26 30 37
30 33 36
33 16 32
16 53 76
53 34 48
34 3 51
3 19 79
19 45 28
45 79 16
79 117 21
117 1 57
1 49 40
49 129 26
129 70 35
70 38 14
38 40 29
40 75 142
75 60 55
60 108 26
108 10 50
10 4 31
4 44 63
44 15 41
15 127 31
127 104 32
104 61 20
61 27 85
27 114 46
114 111 66
111 116 38
116 82 71
82 29 55
29 58 29
58 89 80
89 124 8
124 84 25
84 65 50
65 77 167
77 120 63
120 125 69
125 113 39
113 2 29
2 107 47
107 7 2
7 17 33
17 20 63
20 32 16
32 22 80
22 95 78
95 12 32
12 66 27
66 13 38
13 9 6
9 101 129
101 5 31
5 54 121
54 121 32
121 39 61
39 46 2
46 21 22
21 36 8
36 92 43
92 43 62
43 41 31
41 50 44
50 59 13
59 119 52
119 52 25
52 90 156
90 71 76
71 48 60
48 57 8
57 105 62
105 37 74
37 91 74
91 72 75
72 98 38
98 73 40
73 74 8
74 51 29
51 64 76
64 55 32
55 8 43
8 56 19
56 81 60
81 100 82
100 122 34
122 110 6
110 118 156
118 83 50
83 35 3
35 31 25
31 112 13

